55642 
-95907 
1 
4841 
26836 
-815950 
-26 
3764 
1041 
66 
34833985 
15677 
20615 
9887209 
558879905 
-1 
621224807 
927358721 
474491543 
1592028 
96150 
-8 
11818 
2653360 
39454459 
48549039 
727224148 
4791064 
-2980 
1 
882555715 
195045114 
1491770 
13018409 
102 
-2 
1197131668 
-17756200 
-480532383 
1 
18107 
736409 
-43 
3028459 
-7581517 
1 
29015808 
60065 
766970597 
27 
0 
15 
300733 
7459 
24232 
20091 
327109 
1395 
4805 
25419 
15413091 
-256450704 
329252 
30 
4 
1792980 
2232818 
-3824 
-2723781 
-14489651 
50512 
15 
-164 
-54460049 
131353 
788617115 
274048501 
-15 
4380 
913489187 
308244521 
389362852 
1811 
27667146 
168 
3634 
398452960 
89414733 
143596084 
1033858655 
183 
592989131 
3734789 
4641926 
31275 
2644250 
162 
746646640 
-26614925 
-56948476 
18899 
164712596 
575919 
195824 
330398 
-14 
-183 
-140397182 
105 
8 
1458 
25 
1352 
6154 
1347296725 
88 
1110084 
5134939 
-611442 
55 
-1457509 
-6 
-6138 
5 
-2129203 
19844 
398971949 
-301868 
155741767 
40498 
24044 
20 
22973174 
92195 
-2 
252112050 
0 
54606828 
9 
75962 
7 
481577477 
-1483284 
103 
-14484553 
80 
-11549 
1491 
564 
5543006 
87538 
296 
114798853 
513 
-878001740 
1469941060 
167420666 
1 
359971 
154 
11881 
1946494 
94 
-91 
12544840 
5 
560653460 
-256820687 
-368 
28143447 
4 
-2372 
312293 
-94513 
13 
-345118 
16723 
73130 
434 
261 
681955412 
3893 
769236 
477826 
241560 
936 
1 
-120720 
6282 
-861490078 
1 
4 
1161420709 
6 
345 
-175 
-135252 
9 
1 
996 
-1 
44 
400881 
1468897216 
1365258939 
195836 
244838 
10849 
-13 
-1571230 
1437935491 
94833513 
3014202 
-1060846673 
80662 
172 
3 
335796077 
-76 
1430413 
375631 
-4 
78557283 
-21294143 
0 
155267 
-163624 
-1875562 
748 
-1 
1 
120074 
276191389 
-27237111 
37 
3009 
77203743 
170 
1 
3852873 
5799056 
-10 
1217210 
4815994 
361458 
62889384 
41 
39765186 
45817642 
-8 
33 
-5 
1 
7873795 
705242 
55 
2234393 
1391826 
-103 
89 
-16 
126294 
9684 
3537 
-114369564 
1997 
1 
70 
-1 
2 
1557 
-1 
3533038 
-254 
-3 
1562404371 
158110 
506620 
27329921 
17 
-94554 
995368875 
7 
7874635 
122 
1567911 
54 
1256574 
209407 
-1 
-11267 
206889667 
-2713 
-552706803 
-328052 
909872206 
27645373 
-9078404 
74 
-1 
357436 
1 
31064301 
45258774 
5324275 
-1 
21288448 
267 
-139313 
-432 
3607 
11150 
1176 
17 
0 
753459623 
30 
-833 
-600562 
152 
-1 
42482 
3062 
532511294 
0 
97 
11490093 
488450 
5 
34249 
47 
9332887 
27916 
2185 
10795 
5915 
-1 
-8 
419836555 
1218 
-9052 
-35633 
402 
664 
5 
1237 
209 
4299571 
706 
585465591 
-963874 
239 
86816 
-2 
-148003 
350797 
-1 
10835 
10222 
-310170 
136012 
-237549959 
30376 
4283899 
1948008 
-15559080 
10 
-1 
284686 
-14 
-763214 
-3988 
361624891 
1 
2959019 
722768206 
222466550 
2 
31091 
-120 
1796 
63266 
23 
17 
-30778277 
-1 
2 
-25 
1997 
-2937 
261774166 
-400 
60 
6 
-40 
28981739 
12371 
7 
683376730 
3504 
-1479717 
322 
-192925859 
2 
1848485 
140707 
-203472969 
71 
1178 
-7728029 
28068643 
142 
139460443 
-5981583 
135001677 
-9109 
623217 
10866725 
-9 
1 
24418 
14039 
1200 
35949 
31 
-4 
-3985633 
25 
-209572416 
7729 
27 
9782 
-656694 
3260 
2 
-13151266 
-522021806 
198855255 
1 
2 
259989 
15 
-32487406 
1 
475 
6624 
2557 
1603 
9 
-260467254 
21 
1166730 
2 
18953 
-840026 
-169 
-121902307 
9587952 
2193518 
76034 
-7 
196256 
-802987272 
48199 
-303133 
54 
5049 
-1 
2338 
582475 
21 
136708 
7824 
88199241 
360580373 
-8 
2093 
810517 
-29237 
22671 
6909037 
0 
-33402 
96319 
-43123 
33 
28 
-21584220 
1452582762 
11906490 
664334393 
2 
-46870 
773004 
155766663 
-2972 
-616351 
779292 
91792 
1168 
30693 
1 
-9 
-19 
25915 
-4 
86212746 
161907163 
35923873 
1024042 
659843 
-35 
310074 
31637452 
36 
16360 
-113797282 
10 
2526 
439 
-289 
2189 
-238706 
188637 
171985 
15 
919 
-19047623 
46 
1 
0 
2 
1 
2 
14627230 
-20 
-43590555 
2022 
14384642 
4 
204 
645058344 
58095 
18484 
-6810 
32 
-1 
7047 
1237732 
-2213 
2 
-140032 
129 
288964 
-1 
784855 
120936800 
415950553 
32 
13 
9 
-19 
21038954 
153 
114 
58064593 
2140 
-18 
-1865 
48833120 
154648 
22533592 
67888438 
40235464 
1983 
22155612 
14723 
2755789 
-677889 
297788 
-7102118 
-17 
128869854 
504614931 
-401 
54924535 
-1 
128 
108418 
0 
-1 
-290 
-1 
-676881 
-574312175 
-903441 
-212680 
624745506 
3067 
7808427 
1941161 
-19214 
-141 
30777655 
13499067 
2482230 
755583876 
1339 
0 
1191169 
213 
-5873092 
15 
33443 
256659 
-43 
-204168462 
-2 
-120838 
2 
19481976 
367 
-379842907 
-165568 
141653 
2 
264755 
7446328 
138703 
10637 
150059 
-28257 
1706 
2995586 
303098 
20826 
-13975444 
-8 
-12 
15481974 
34 
-3211 
-26340 
1103368 
226441 
333 
58457400 
-349231 
-59106 
-121 
1071 
7820 
17451 
1496529837 
-15188 
-26007 
-3634 
31428 
2367628 
53 
-414 
-44086 
8720 
381 
10969327 
1 
42982 
186 
79 
1341105 
1114123659 
10011 
12025 
-5564 
-2 
9370 
125 
385192 
-32 
535163 
2782763 
0 
22 
11 
738608 
994 
53522926 
-92351979 
-102692 
8300 
12 
2 
-1634965 
-55700226 
948069 
-112214438 
188 
576417 
-208 
3 
71320 
3099 
-4 
6986094 
86764171 
-899 
-384299294 
-80 
-14 
6738361 
-63931097 
71 
353403 
240439 
326829 
22376971 
7 
56269 
-33704 
-105018729 
-57578 
994 
304531496 
326 
788881472 
169012274 
175122 
-47896373 
162 
2 
242 
0 
-82454164 
-9312 
4 
270711975 
-13558452 
5 
58775835 
16090095 
-3406 
-26942 
0 
147 
280105872 
45 
0 
43008 
-75019898 
21249 
322009 
886617 
-113103 
-2 
90 
-1 
1958058 
2210802 
2 
-1 
9 
75 
-8527 
64 
-61109715 
164124 
6 
-17138901 
1256385596 
-2 
-9447346 
19252196 
367740186 
1341 
539 
-382290278 
5676749 
296591 
24452018 
12559798 
850 
741 
20295 
280 
4 
4667 
166737 
-12771 
-600587 
5245 
344 
1020 
-94147 
68 
2073084 
8654 
108 
3817514 
-4521788 
0 
7780 
22729406 
-9418031 
-1504 
9 
4566 
116 
-77 
39057503 
481 
2225 
12648361 
-7325 
81 
-149354 
9 
273878651 
1 
59 
-45 
-20 
-236385 
15804 
531 
-1750 
54218870 
2724 
-3527 
11 
31 
-6 
4075396 
17 
13101850 
35 
1303389 
-3895018 
1473492880 
79 
-64274 
114751384 
62548 
821536132 
-28 
46075927 
91258369 
1668709 
1 
2488 
34 
-222333570 
1 
508 
-75737752 
15 
1988 
-13127749 
-1229 
1 
371100343 
489145836 
193462824 
-67 
-13529 
138033073 
-7 
370633 
21444 
4 
4653329 
41313155 
1262 
-461538065 
-6018 
409 
132991571 
0 
-250633770 
5403611 
117958178 
39 
-69 
304 
1 
20 
697151 
930366 
-1930130 
-731058 
4295362 
1304610 
2413 
17 
3 
3320897 
248 
10 
82181529 
173620 
2926378 
87895 
-510704 
150 
724285634 
46698 
-1 
-5 
461734558 
4309886 
-103 
1 
72 
2337349 
24655 
3954769 
45943898 
1102307 
1980734 
-96468248 
1 
645 
-960545 
66150 
442730573 
389976 
701860 
375 
-1823489 
288920782 
118 
-11065 
328 
1290490 
8 
149510 
2 
78 
1452 
1426 
-53531400 
2337759 
-1155 
-758 
767567636 
3530 
40 
91 
1 
-58 
57016 
66 
672600 
129 
-2 
-2 
-7298 
25146 
-162192587 
5 
4 
-1 
1490 
7601108 
132 
10606 
1381515111 
105 
-803124255 
1216964 
10 
0 
942212001 
-6153 
1953 
5468447 
-303256401 
30869714 
-1 
511376 
97857 
381511009 
1001295 
23 
7487028 
2617783 
21284591 
7342 
183 
127334 
3091 
-1 
2 
181572 
5646 
957 
18 
31223 
112744 
21587 
-4982 
31 
63837668 
33742345 
2979 
-2874893 
-26332684 
17 
2821104 
-177039740 
524306577 
2 
167776 
4 
-6 
1638 
-647709 
-20407642 
-1 
8821218 
-993 
270 
1117 
-4 
-27 
5 
1798 
5178 
76508 
1 
1004095385 
2220 
757381451 
579 
667418626 
95318 
126714 
311862 
4843 
176002981 
23986490 
-5577209 
-1 
-1 
344578 
3813 
-1682 
-104 
15985379 
3000 
768897 
72 
-94765198 
483944403 
19380 
-96397682 
5929834 
-209 
-7827753 
-167 
175 
64248436 
-4657 
55 
-5516824 
-39 
-130914 
-18460 
351 
239458926 
49 
-503618431 
-622 
-7766898 
-180856 
1396034 
349428262 
26114133 
174584131 
2384041 
163260 
1 
10979 
125337194 
2 
1621 
149974 
1533 
1056903 
2 
243 
584 
6347 
-3952 
10 
92167482 
7 
32 
30280 
16 
97320227 
-14932517 
25991243 
5730 
-157 
75634403 
-184 
-664207 
1480 
-1 
570 
2328 
-28802772 
346563859 
99545923 
-11856403 
397736 
8 
-12368992 
1 
4 
-237861 
-631769900 
50 
2637 
-28979665 
-1 
20 
-143636928 
52 
-1 
-22038 
2083626 
45 
28 
374990 
2 
465472 
87029 
-1 
1 
6686665 
3702 
1 
18409812 
-6 
1712 
309760 
6510 
42149 
485446402 
-9724036 
-35 
376583921 
592 
18368341 
3871 
18996 
-220 
12 
199919454 
3 
107 
41 
9837 
84 
1960449 
127 
41934 
16164913 
31457 
10 
1 
2107285 
17 
168513 
-407 
166 
1247 
-18 
-3 
-1 
22996 
-165681475 
113068 
10235072 
20 
154773133 
4577 
176353 
8196 
184498 
1326258 
3458 
103 
10741982 
5 
34 
2 
-3607 
2 
155791 
-1 
16730 
-1 
-165451685 
0 
17 
37 
2976160 
67 
-182213040 
538 
7540382 
19918162 
11 
73521 
2 
-97 
183685842 
27382 
9991841 
-197 
354 
23429 
0 
52866 
-1012206144 
16817 
27916 
-1 
525558307 
3714 
-1 
12864 
1244005375 
65181226 
89482 
114931 
733574 
246246384 
88192993 
48341426 
7950 
-19968 
8806 
503194 
46 
11791 
1029821 
-28 
555900294 
156 
51 
62 
581145288 
10692270 
-11936 
96331 
7162819 
-8 
106801 
152243 
20745790 
1 
6201618 
1003618231 
2506 
937 
311044963 
188599 
-722027 
67797 
-10563643 
48483 
19 
3717554 
17422 
-14132 
8 
210760 
554059168 
1 
2976788 
1242793960 
48130851 
5539 
124022789 
238039982 
40 
595 
-1 
1 
74 
3621209 
400 
138444 
6533026 
1435 
184414235 
0 
-696633821 
375 
943944 
386546 
59064 
1 
177821258 
-1 
-32683537 
9799 
1069177534 
688 
85171 
54 
143 
-1 
29745684 
4 
12202 
29 
145234 
67608 
-5213 
5458 
502 
18 
81178285 
1 
93966 
2373678 
44910 
-232223536 
2 
-91426 
-93448 
75 
44 
-43033 
8509 
85913202 
97528019 
2 
1 
226317025 
-473 
-13 
330 
0 
6 
135921522 
548625 
20805681 
0 
3373 
27986 
-2670 
51747 
512568741 
117111 
10 
-13418 
2550068 
91893 
74 
46658 
20426 
154 
56492449 
758052883 
88 
129645 
1801098 
165 
11824633 
18870 
337868091 
73 
16456749 
41148 
898 
-597887885 
49 
-25 
39326664 
9408 
44224 
-826485 
45 
13586810 
-25411252 
-1587345 
21 
3320 
2050999 
67884353 
-125924174 
5073541 
-1 
86 
22 
77713003 
281316 
158094897 
-24666 
-417704 
47063772 
-2 
11744 
28090372 
-474 
4 
5883 
476 
-504549087 
328 
-4 
-13803474 
2098857 
13326 
-54 
558913 
-164818 
1042502721 
110 
-1 
-117 
-7431123 
6 
-4 
-568613 
82 
302143 
62160 
1425855 
35127 
21 
384213169 
4976436 
48132481 
59703 
403384 
0 
129865 
-47121 
-16 
41 
1 
5347 
-383270080 
111069 
55680620 
187632 
1173 
275471 
2695 
0 
-260149238 
-475 
-196 
1505 
62 
677107215 
-13 
43677708 
148 
203787 
-1 
177532702 
17695 
10457528 
-49035 
47053286 
-770806324 
2 
23 
-7950187 
858320814 
141323 
-1 
-108 
1559040 
6955 
58 
30 
573762936 
291169 
2067290 
0 
776019 
621118767 
27868658 
2 
81000 
83880353 
-1023655790 
-29884120 
-43 
1439 
1746590 
9 
2739 
19 
146 
3996468 
105133 
54423 
-2521 
23 
-61 
51341 
2326 
178993321 
-907766 
18 
535702 
4 
6 
-1 
82736 
37 
239 
5757 
933 
583682470 
1059997 
87853886 
10017770 
-126050 
64727088 
251121308 
8 
10255 
11 
238443 
3 
-5016792 
70670 
-84487 
-13441438 
90331 
-613379628 
5298 
-569757695 
306 
-7124152 
183 
-2 
-4 
-1 
-85404402 
16940 
121691971 
656536028 
292903405 
-450063139 
5 
-153885 
-1665937 
313407 
12054 
3 
-20 
-748 
20442 
1 
574435 
4 
240319 
314783844 
4216632 
-1 
-24316942 
2660 
15677 
-29566 
-213 
1230944 
-45383928 
2606100 
134391 
6108106 
-1296 
881666 
3293155 
481884 
2471 
17 
-2006 
1635834 
181913 
1409984954 
3 
10043 
32291727 
23 
-1 
6498 
3978249 
283227 
5355978 
-64910584 
6375049 
-1782 
10473614 
4 
-255616 
1515 
-1957906 
146274 
-892731786 
106865669 
39120346 
-45858 
19147 
83924432 
497 
4102 
520521073 
173 
-620793836 
3 
1307 
385 
1 
1671 
8530588 
66 
175106035 
1 
-299993351 
14163 
1798401 
-668 
45500521 
-14 
-135328808 
-1519 
-3083605 
765 
-39307 
3 
-111 
-49370745 
5 
-29245 
10531850 
2587 
80 
561912702 
529 
12105047 
237961 
666845 
18886139 
4890 
19642206 
-3332734 
-2219738 
-4 
4842 
23081101 
-3024819 
527361 
-164982232 
488737175 
-749712 
6664738 
107492950 
45925678 
89 
10 
272872695 
5 
3405 
-3206 
361547858 
21 
43696 
12397917 
4781 
99047697 
5602 
61930263 
57993779 
0 
-18 
37 
-2 
3789731 
25096 
5398 
6949 
-1 
2929 
2734 
44876 
1 
1365748 
104 
-28776 
18217268 
437055 
25679276 
38 
-19 
5062764 
-1 
518 
-1 
-47287525 
1686 
49110 
662 
21 
-430221326 
178453233 
671204 
14059424 
383 
11 
61556 
0 
751290589 
-30352641 
0 
11868 
4 
25311318 
3325 
50549015 
1274937 
13 
4664 
-5782099 
36073659 
68 
1343447 
-148 
-22143028 
561914 
770878086 
1087 
17 
288 
5 
24269173 
47 
23 
44127552 
943 
-214694496 
43 
29221608 
556 
71632130 
205167 
21 
7309968 
7 
3565196 
1000 
-1 
1001356 
1 
57 
135 
7322594 
37906481 
25 
383 
36 
11396884 
1 
52232 
3926 
-460 
571075222 
614 
177880 
10 
-4277676 
92894891 
183090088 
13569 
45290809 
1 
542013806 
448 
39 
17 
-3 
-244 
70056432 
38441494 
16 
-1 
27 
371459 
39488 
3 
708146820 
-200 
25390886 
192060924 
-2624 
572267 
22531 
-35591406 
14302441 
770747 
187949 
-16389073 
1163993 
24559436 
10039 
-29548 
-177316299 
78 
3012 
2210552 
2 
56482 
730 
39190663 
3 
-1 
40 
499 
7 
66251435 
900681504 
-1046188678 
-501 
1538736 
18 
-397996 
44044 
116280311 
-93781 
447580843 
9 
18 
-66256602 
1 
975044 
116320620 
-46602 
515386 
-1 
-1030703 
69012 
-104893 
97563 
462272135 
5 
36529486 
722833667 
26868 
-398234 
894163927 
-1006667 
-1 
-123863 
29 
4600373 
-337664233 
-5 
2410 
-825835627 
5348485 
100 
-55 
221364 
15733841 
-2372 
1186374 
-608917 
1053 
928 
27 
2376 
123807 
-449475 
1 
-5 
6660641 
2562 
3014726 
142222503 
977 
-64321 
469 
3058029 
48597950 
124 
-4 
2 
0 
-163955 
4732 
15 
19111 
0 
438655 
23764869 
19 
2 
876143 
2906 
589796 
2487 
18 
24907 
4 
3490 
-8 
460263 
-2 
-1178891 
-4750945 
462545922 
2967230 
-438629 
1089 
108891995 
-38132 
493 
-168651 
393954352 
-1 
586 
-4551621 
1534585 
400545 
9654303 
1 
7027 
709516 
20 
-27 
-533518 
-63 
5688 
138724120 
-456329 
-252869 
1 
-65938957 
228 
1153 
0 
182821 
8 
-2090409 
161151 
8211 
-6064786 
593 
585162 
-236017 
-1 
-13 
2570946 
-4826304 
374411 
-1 
69675 
-23 
258178688 
1 
-460543907 
17581425 
-10 
2 
171 
-1 
183720396 
233 
76 
-256716 
-21 
19320 
2221 
32081 
5381409 
12353325 
-820086366 
41801 
1309280 
40264824 
12 
0 
22 
26086038 
2808155 
18 
5 
364523868 
2523 
-859260 
691907101 
33640571 
173549392 
5 
-6979457 
-15044 
118835305 
1 
3 
-718 
548 
68011865 
14 
30466339 
-5 
864261 
1 
1 
1487941 
225371 
5 
2432 
22725405 
0 
925 
523750 
-1 
662292366 
5 
-6629932 
5465 
9944 
427610 
2910 
-704 
-22450332 
-3 
272567 
5645607 
12419138 
2 
-301691 
11223912 
-191 
-2619 
181 
19439 
146 
22 
11324649 
331497 
13 
43089201 
222377 
787 
5228829 
-236779 
-8096 
-365929546 
10203 
123999927 
282 
404510 
3978480 
-2 
11435 
1 
1728 
-1859 
2678194 
214 
-5 
775538 
8680 
458173 
-1 
79198292 
1010841371 
28910506 
7 
9 
-48692 
28 
70 
64062454 
3530 
71 
1 
12193 
94851 
-15517 
61907 
-29873050 
6987818 
378 
-1193 
4420 
-20756 
1 
378 
678762 
4 
457 
1312940 
139082 
-718390 
-1421226 
-411 
561980556 
13 
4 
244837 
2032967 
437 
83788196 
2909340 
51 
33 
464328761 
8 
-1 
44096048 
271 
-177 
1828 
20513 
64 
-2 
-3 
-298646915 
293959727 
9868 
129449 
879583 
100346 
1 
113315577 
-311 
3 
4004 
-12 
8 
73659469 
7993851 
457902 
363079075 
914 
12697727 
-78596323 
12061 
3302 
1 
89112 
233 
0 
-14 
-19373 
39059671 
85157 
454 
75 
1064496 
5786 
17348633 
5319439 
193719503 
15785913 
17365 
-75 
957035540 
99660 
409800 
3741 
90688 
-1 
10 
-127143568 
-1 
39 
89167298 
6 
-5 
24239 
-12 
-116465 
18 
3375 
763 
82 
-142891249 
78145 
552930 
40021613 
-201258308 
279857 
-738255766 
17168 
191 
-271525578 
93050020 
8 
12112033 
987137 
12472 
-15359273 
-4 
-1171 
20969163 
10808 
2 
2269702 
832134 
2830 
-1 
3 
371475082 
137784680 
3181089 
383944 
1309 
53921 
-6794567 
112 
3 
84747 
-242093 
80 
-1497 
29726 
-362565854 
3191 
-1935666 
-15143 
-983223 
-25655 
679745 
1140059 
769524856 
94 
-14091 
25 
19 
33 
0 
920379072 
1495 
33398150 
-101098 
-2667 
-15615 
16581 
1 
5181 
1 
266752162 
185925 
-901014 
-23420 
-12 
230630602 
314644 
180635 
1863 
3345658 
19217 
4824634 
1598 
2 
-58777021 
169526 
-58554 
977475984 
21001821 
571 
-1 
9 
15272 
1 
928945 
-59662388 
1 
5 
19962889 
301 
85 
209201 
-101666976 
-1 
44468437 
-226370 
330733 
-60281 
35 
9 
1407 
23 
620631 
11086246 
86976 
-84 
-25880265 
7793 
670 
3668 
9777156 
663 
28457525 
-15481 
6053 
77 
350301 
5 
-21705740 
-483465963 
74011281 
1 
23 
1120 
25753272 
91021745 
1370135751 
6 
1083995496 
201312085 
-30 
2 
43078 
13 
414552838 
2397166 
-468 
2399 
83 
-51474422 
829556 
82748968 
-52948220 
2103 
5500684 
89 
-50 
3100655 
627 
4 
-61960274 
-43986672 
3477 
-663641 
7 
869812 
57708 
13790 
-3345229 
-291 
-624192094 
782 
15023105 
-512443899 
72590401 
237 
18252560 
-78082613 
422765 
46696175 
15651 
-37825 
-64 
4864 
-8801230 
20722 
1077 
-1 
162041598 
27 
1 
3888 
5360534 
-124211244 
0 
0 
230 
48671 
706811 
59673 
-1253122 
34 
-2399731 
-3 
1 
587 
10479277 
228235100 
-1 
16118086 
-33293 
74355 
8899 
64 
-768355917 
10475 
-8216474 
-2048540 
5915764 
30 
0 
36 
5 
210 
1246562113 
3743 
76509565 
-114 
1 
62 
553 
-78326 
23 
10325250 
11 
1 
-1974 
-2 
277 
-977772724 
1686 
-912629 
-2 
83 
154984 
125 
-69 
-4 
757 
145245 
-5644381 
7430094 
-156749 
-43142275 
1 
7 
309 
1973283 
-8201020 
-30613416 
2542792 
-66 
0 
26645 
513 
2682243 
210081 
401 
-51 
-34 
4 
-217562282 
8 
757944641 
5022705 
1240 
-47381010 
2749 
5 
414 
176490053 
6170 
-17549 
-193732 
1 
7303 
-105 
6944 
-352866473 
-14037 
18 
4 
246938 
-557801420 
-47 
389 
756 
-5442 
-239797 
291867560 
-2 
387480 
1042444 
-5580053 
274714 
1708 
26 
11350782 
22475117 
38258116 
-489753595 
38 
121280233 
864 
75705230 
18 
192823 
717 
5 
258175144 
537295 
699 
-325117 
-64631906 
14375659 
54895 
14906285 
-1 
2777 
27 
-198574 
-1 
39 
-306 
25679 
158746889 
20170 
2 
29 
300094 
1184009 
642905 
151653363 
2 
44 
3380 
-6371 
110568041 
56286356 
-25134761 
137389 
88066 
-30580700 
21 
-29775 
-1 
417283888 
-24207 
-35163 
-207294992 
39368918 
389137 
-12461535 
486618599 
135460785 
-79497318 
45471 
22485 
5 
10085 
5277 
2196498 
146 
0 
245257793 
-8022 
-1019 
-243863798 
25397 
33368285 
382001 
-66163900 
147 
-108 
679615284 
449622802 
-23 
-68705 
1269849256 
52 
1478514 
33281 
278223385 
63 
190 
910235700 
189171 
329314303 
5 
1217 
0 
151 
12912888 
150684211 
26567 
6283 
282457157 
82 
19352 
44 
1741 
35781 
1 
0 
1311577 
3 
172379 
10 
-131 
756 
3 
731362686 
-630258932 
21703837 
298113 
43 
106 
1 
0 
-147 
42332 
21765 
-5432733 
340235 
45302 
804695844 
1665407 
-1746 
3 
79 
22 
1100963 
1 
42122691 
24987527 
14277199 
-36787 
1435 
11764024 
654224 
7153061 
80989470 
331607 
79 
-463848 
-12928 
12313161 
-64401 
87296981 
45459685 
12643 
49250368 
10474120 
-928 
-1 
9569775 
553636 
-21 
1076795738 
413092391 
39698393 
-208991 
-52790 
343 
71234 
1462997244 
-92176 
846965077 
83379479 
18333242 
5541 
-418881 
39 
22 
-124 
1422851 
37908 
365569 
39348 
2942 
12588181 
-4040804 
1 
36247294 
-25 
336889959 
2 
418967 
1328 
298 
6034250 
-20205 
23762 
828 
8 
-47782275 
-1 
5639 
474892 
-2 
-1772994 
354816 
82506 
57 
-189176460 
-61776 
321926288 
-1 
132311 
-23 
-1 
762693 
16 
87 
49 
78307648 
-40 
1 
72152 
865245 
43 
-21 
8784 
9150 
-23168 
-175893 
1038 
12363486 
188 
1563 
-22 
3165 
122523 
36 
-12689163 
96192 
1 
12 
1 
3943 
16113794 
519 
258 
262431 
-115847940 
288515532 
9 
368936 
17425077 
2104740 
1577998 
246379 
-510917329 
2 
2146 
-50540 
-77320 
17269 
664077186 
633 
515479502 
-2 
-57234 
2950036 
6232 
235292366 
112284 
-106015131 
-16 
-30484 
-1464 
-1 
1 
-237698373 
5650 
70181661 
88441 
19524 
-69299 
5386 
61712 
3596 
3558673 
5137271 
532 
3829 
4068 
404482973 
-1 
2464 
44 
62542445 
0 
-2163476 
-987511 
3328337 
1487 
-6331 
3023 
694711475 
55071 
839744 
3 
34309 
-5578 
365484 
0 
-312 
1 
-27075987 
172 
-896281876 
-120216804 
5543516 
-310035 
14 
87 
-48 
19437 
2684 
-65348 
1436134 
6209 
-1415199 
-12 
30 
141 
27 
-295557 
1161236 
986871 
56948 
673778 
1 
10907 
-2 
431 
-51082 
13137048 
2811 
869196455 
780 
97502883 
-546 
40063 
23201414 
16490965 
69175590 
-4 
-5005914 
-3655 
81010 
990098 
1217881 
2233664 
806 
35758 
28491932 
73 
463443568 
4 
128558272 
2 
436233 
-7666665 
10041740 
217 
1019913529 
-857369 
533 
74470 
-199886833 
1133 
393446 
157666085 
2175 
-52 
1040426451 
-115122395 
-337 
-312700019 
1314941197 
740922 
5 
-14120 
735561 
-540256991 
4691 
67 
-126279996 
701071 
3 
15491 
-6 
-225174 
-2 
-45280251 
681181 
1 
12491617 
660 
2018001 
-19724798 
29251 
0 
1 
10828875 
235978 
52 
152696 
45741 
30933 
1833809 
17164531 
-16 
670 
94525695 
-981847 
-1 
2510599 
-13694989 
34329569 
-615893477 
875790 
-49 
9 
628335844 
2 
-28662284 
111041 
1335 
-12216 
119037390 
6275895 
3037 
-613310634 
-13 
-40609776 
162 
46878 
2057892 
-3 
22 
3005 
2 
-443275497 
195723229 
-3860 
4082769 
285711 
4589154 
93183 
156 
36 
-376080083 
2 
-115 
19289 
-967 
-354 
-57019243 
-3065233 
-1758956 
12831 
-41088 
11718036 
174483 
-72 
2489763 
18349 
286 
13986 
-807368 
185850247 
48421138 
-79829 
1086938 
4635 
9399798 
447820884 
111034984 
1061721 
-24757381 
-86 
41517 
1007 
3 
-10 
18572 
-123358947 
8226 
15 
1540389859 
177387 
-612 
-903825584 
5 
259071 
168122 
221121 
-39936 
10768818 
-8710591 
1073950 
6 
561938540 
12 
-7977403 
237845 
19985217 
2024559 
53 
2362 
70710840 
80763613 
-124708645 
1449 
-16 
3088053 
-2368840 
-3413 
286500 
-3618088 
514455 
172185 
2719 
17 
670 
-23543 
1687 
434384 
24427972 
39695871 
1124 
88913795 
17296 
11450432 
76139102 
4125 
2092806 
98201805 
3518 
106234617 
21721 
1 
8824297 
1 
-895876 
27841 
97685 
-2 
106099 
1256465369 
-43 
145951942 
1196 
-256 
2778569 
39847110 
182780 
94732818 
-5 
65262482 
14032341 
87 
-1022824 
-112 
48 
1666013 
76896 
334144 
23 
1 
-1 
52999843 
13244983 
168072730 
31272362 
4222634 
1 
-1 
4437 
-166424156 
99301 
1 
10 
35 
-3510 
46 
-1 
2 
94353336 
114 
119936 
20706 
1 
-8 
42466121 
-288901033 
7347263 
-20620 
53547 
-2 
21591442 
20985 
5667 
23464410 
389 
93 
-2 
91269 
-1 
35064 
88445019 
37 
10609 
1791 
22177 
-1 
8848610 
-3 
-1 
-177952 
2 
24136 
-4034 
1 
-363413 
-1182 
4 
-4 
1952 
9014 
-1 
12 
0 
2 
361 
389202 
4871 
11576 
-2 
1905 
242 
-102 
-870 
524109748 
376187994 
1933948 
262847538 
22908286 
0 
1 
12913 
1023481 
226428034 
3078334 
2370891 
1416126 
-489043198 
5208 
16978 
-10 
2350839 
551 
2566979 
714927 
9536045 
-1 
42029 
39 
-1471812 
154 
0 
3396 
4 
3490 
1 
162378159 
-26677 
3019 
188 
110359683 
2533056 
-440 
357791 
13212 
1332 
80525410 
383192206 
79422 
48238404 
94273 
4408665 
9214351 
277702 
-4046 
-1 
18473453 
1738 
-30977149 
2346133 
12485 
-2 
860674 
169679 
1 
-223 
199425 
698459476 
286 
7659 
221 
-1 
39 
256 
11962 
250 
-449869090 
295 
70196 
189728033 
393 
2 
44 
-37 
8234 
6 
-4 
3961554 
511 
506 
-54134681 
35631161 
-2 
45094 
182679639 
-4 
95881 
-5 
1 
11 
-2 
4 
1144 
33908 
193521520 
11546929 
354 
1336093 
338507 
-1 
182410 
4911234 
-134 
96344 
115 
-3309094 
1 
402004 
317996869 
8 
21869110 
67213 
5964 
2941758 
237 
-5063 
42600779 
688686218 
-1 
192218 
-4135 
54871837 
-37 
-5465647 
53306 
2 
23307364 
104969 
17034764 
-4 
-72833884 
-1 
21059133 
632479669 
12764 
132 
25968452 
-24754 
-12142 
77375 
66 
317 
11 
10 
3 
-974222979 
21851776 
11488546 
181300968 
676 
1 
729722 
5012937 
3 
23273 
-8 
-16 
-57711 
939 
-1 
-1180858 
363 
11 
-29 
2712420 
888372 
48 
-1336968 
8824 
-1 
-5298 
26604 
7358852 
-179833850 
3501252 
25448 
42 
208 
-1 
1457 
-2 
116113 
52 
-2 
44 
24173 
2555 
1289 
405925078 
-18 
49 
-603 
437482 
72865325 
-6 
22288 
7 
23186 
5034 
5264228 
164927573 
657 
171 
1487 
1 
425148061 
661 
2 
235639736 
72044490 
1 
4296 
379 
-19 
12500 
540 
341284 
-1541254 
8 
-7 
9413575 
4820174 
12593 
-36 
-418167 
658540 
-895 
40113649 
842967183 
28450 
-30416 
472883853 
747 
0 
65515344 
-7515865 
5860 
7530868 
-373 
382 
759 
1896304 
394133151 
16756 
9317183 
1170 
24077524 
12996 
1 
1103860 
174152798 
-3186 
1 
0 
-941 
176 
16 
66242 
-5247 
13109133 
1 
-13520 
109374 
-16878750 
154717 
2267 
-79858575 
484349 
-1 
1309 
1 
-22 
2910189 
-23 
11555332 
1582 
-10 
-8077 
82801492 
-231 
-2695381 
40994925 
18013 
2019102 
47 
1330570 
433160 
723 
19785313 
14179 
100338 
-73 
620272 
3135005 
2 
123779574 
1017130 
9800 
1 
696145 
65 
-2571 
181616 
22 
-28 
-1 
-878 
5898943 
-1 
18887 
4114 
253577540 
988276256 
36 
4351218 
378 
-15 
14852156 
10296 
5682 
-2341 
226036 
1019351 
6495984 
24071824 
274499464 
175221 
63 
1112 
-22652 
40 
304077277 
-45970 
-1014 
231923 
506117700 
102 
372457532 
-247748885 
5845870 
-189896732 
157899806 
7107 
-202266896 
-864 
64385382 
3442 
-1 
17757 
40 
201 
63 
23791108 
110 
1970055 
17003 
5562066 
-2 
134 
120993457 
557354 
126 
21338 
1 
17065613 
-2 
2001 
159174 
-382 
74716869 
-8 
20098933 
-18503 
-67843208 
-780833295 
-237211 
-1472 
-47688 
-2716 
-4827566 
-5288645 
7111 
33 
162 
-1 
-182515 
-41 
1 
318 
9156815 
1845336 
49708747 
4119 
0 
-266960200 
8 
-14211872 
64454912 
188098 
129637 
3 
32788567 
38901 
16 
6410556 
-440546974 
1011 
-930772 
32 
74630 
-195866 
18177884 
10 
17192 
752702 
173 
-4 
5 
20558546 
-856 
150 
-14 
0 
148 
230958 
7762 
844 
8171739 
101899 
0 
-7 
9 
653 
264939399 
-3248 
9072237 
373307 
48 
-15780387 
2 
62 
9127200 
1843037 
-170754851 
1231359 
-101533775 
129 
1 
187 
2770669 
10 
10609 
-151 
-32120 
1 
37715 
0 
-3397202 
23449199 
8 
4758468 
46 
8 
-25260 
-1 
1 
-58980 
4 
9 
2 
-9 
68942 
3800595 
901575851 
1 
2 
46 
2603538 
6416 
9890 
2985 
90496128 
-2 
460394571 
39548 
5161 
313400 
1228383 
84 
30 
712117262 
477681480 
20654 
3575 
-600676158 
-359 
461389 
432 
7 
1061755812 
-44 
19 
-28 
537 
273398237 
163764 
837030 
-357939448 
600 
992817170 
6552 
-854651 
96708 
10968171 
-719 
39 
8 
10899 
-467 
6263513 
35 
181 
479553931 
19750798 
-22020 
8957 
1100 
1 
55 
87848 
-336907 
-17 
-22 
1 
750 
65 
-1 
1979 
-2412 
24 
363 
-1 
43530567 
14664 
-656973948 
-3718681 
-92154240 
2891 
1812952 
147607425 
5 
195400 
46265 
-1 
-19 
349 
177815765 
1 
23457 
166673179 
362537 
2 
3073433 
1585812 
2114088 
1080 
1606968 
1 
-2987389 
1342 
110 
8713 
-1 
77785568 
1 
262817766 
-3587 
-1 
2160 
9992 
2992 
1 
897728 
21210 
-1 
4628 
2369844 
28397 
-105 
-13 
0 
-56957659 
10 
3106652 
8148420 
370822 
52061604 
221 
179886 
-31967832 
2723151 
551161364 
4 
2 
36787663 
1924411 
3811 
62302 
18059 
478109264 
-33 
2500 
-1 
22312 
-168 
319 
-168820 
811 
7382 
2 
-62996 
1085 
53 
-2767 
1 
-1 
13331031 
-200 
392921396 
78163 
80 
564 
-396795162 
13604 
1027955810 
-270339486 
81 
-10466 
7 
-58 
80 
2054 
182249 
-952330075 
25503 
154314666 
-53 
28812 
-7578818 
12627886 
35757 
366 
-442197329 
37 
1462619 
91 
175778 
-1 
-16 
229359529 
-8719 
1326 
1423956018 
-71329043 
8656235 
-1264 
1195 
-580034344 
3595 
-3003 
99561 
-1 
-14 
-21993 
1 
1 
-44 
331 
-1 
238542007 
180641364 
23 
-575942457 
-208294 
709 
73273 
6016609 
90 
-58703 
38 
-47 
2 
743575 
-125843 
74978 
331929 
152287468 
708149 
14057744 
262 
304 
273654147 
11 
508973876 
481318926 
10956 
40674 
613702 
99353684 
-13131428 
125657815 
-16995220 
3 
107895 
-845006 
-505308606 
95421 
7 
11 
-132475 
514 
690 
149629 
231901533 
43 
105281032 
1 
87489350 
54 
-357764487 
19 
697424554 
381667458 
7617 
-1 
11 
-4 
3 
-447 
15 
3397314 
1571951 
16808803 
21518972 
311859315 
133746882 
-3941966 
1034919 
37584394 
773689 
-17 
22 
-2 
-1 
23370 
2 
83 
-46660228 
2157 
-86346736 
77039 
-241 
28736 
37562581 
47 
90 
159 
15134230 
540509682 
-5643434 
897784247 
37704 
1306710 
2 
0 
35 
6229604 
15854669 
222314 
93422 
-7 
16 
313 
5288202 
-924703 
79079 
6143 
-3213438 
-269 
1 
792211 
150175581 
-50205586 
-515173 
2253 
18 
-337901678 
606750223 
-8 
246 
2 
2721 
116368908 
-33842 
1 
467121 
-73812063 
112 
313 
72 
2 
21 
786692 
1460 
5920430 
2422581 
680584 
2465 
1529 
659348 
597 
-2 
100913236 
14 
-12 
-3118956 
2251833 
10003 
-689643090 
-2 
14193 
39556 
11157622 
-32114 
21590420 
161679 
-474520 
110048 
798938095 
552649 
3 
38510 
56 
-1 
696392 
-21073021 
404446807 
-1 
109 
-1 
-1 
11 
84 
-8 
46449 
103 
3 
2902 
182487 
-35250 
91994 
90 
18118616 
-32 
1 
-695396921 
-12148085 
23746047 
-341165315 
-2 
10091480 
37 
8 
-1 
-46548050 
-453943529 
6 
-6625093 
184959 
-201195860 
185 
7939713 
3 
1 
159239 
4433 
-7185 
11 
-46 
775 
1 
35017 
9744 
4 
-1 
193843677 
396061610 
35644 
30 
776303218 
-122203 
-1 
969 
4822948 
1091 
-218724 
201 
-46278 
-1046 
2 
-1285 
0 
93603 
30772 
-1 
509286 
0 
-599209 
-16734633 
-87897074 
8614 
1539569 
17262608 
3113289 
619998448 
44609187 
-353801 
-2 
-2396 
-2 
2 
0 
-82 
18440 
-2 
1695 
-321558079 
366 
60 
362962379 
-259606 
5971608 
-20108 
306044 
3054 
-1830 
-740 
-15058 
43 
131493583 
77 
4583570 
190 
1 
132266424 
2814568 
149272 
1 
73 
1 
-871 
182884209 
19226589 
13439 
470 
108 
-43844 
574322225 
-21352641 
246 
-45511238 
27802 
734 
36191 
22 
0 
371580802 
237 
-5584 
-1259912 
7 
122665 
291670883 
8371 
108650 
74650 
239623 
60230390 
91218 
-19 
8992345 
8 
1437 
2362 
-29 
11686867 
22793304 
1502824886 
-95057834 
201310 
1 
241198820 
-468 
-3201 
-893531600 
3143150 
1 
612 
-595 
13028 
20416338 
228463598 
1964468 
-21659 
-2 
0 
29627 
18504506 
-160885 
-52140955 
-63171546 
1093 
-5269 
-64330 
4168 
-1720 
11859 
197636932 
-1 
1423890 
1449069 
22667 
99982 
-2 
-1409 
108685268 
-79670 
68 
10300099 
30312781 
6 
166 
-249909 
1723120 
226452 
0 
2 
16683 
-3307039 
13896328 
39345 
8965 
-44093322 
32 
4520005 
395730500 
658 
1105860 
38613 
43207941 
208823 
2155 
2226 
1543 
-46 
52 
-1 
34874623 
75075 
1155739 
21 
10851 
-464731702 
-3939 
13532 
189448 
-200 
51496492 
1981962 
10867582 
9411 
33663328 
107627 
8977 
-4142578 
2811703 
-133036405 
1019 
450 
2292 
41531 
201241906 
-14023311 
37726 
-59384943 
19032 
846 
201718787 
-35184105 
1384 
-105280 
37345 
91 
21409 
100625012 
2204 
-534125 
99 
2 
-1 
190656861 
-750 
729231 
-412 
482346 
-20 
2596461 
404534 
886409 
4773 
197063790 
-1 
-1 
133 
110493521 
3 
6069340 
9 
937248 
3800978 
26 
43573 
-16290037 
-317281 
1091 
-1 
-4697466 
445167794 
1294 
30304721 
-2756 
29 
4309 
298627 
68872228 
320 
6732915 
-33387098 
212008929 
0 
387466 
385238 
98 
15 
-917696 
251387216 
1420008003 
17940 
2756 
-754 
664237 
-41 
57796 
9898655 
109186 
5265354 
-11 
86046 
292082216 
-1 
1255741 
-104790556 
1 
315909785 
16528 
-19068 
-100509706 
-3491 
196939864 
773069664 
2222 
1593064 
-1 
7 
-235829 
151387 
22 
1 
-25599688 
193361 
17 
2309 
1 
11131 
47 
37 
-26 
-15 
147 
35 
46001 
13542 
31 
-2147004 
-367 
1888 
2412 
-94693 
-2104 
1959 
1507441 
85 
52093657 
4 
4716179 
-6 
4 
3141331 
-8 
-735 
23616685 
-1 
-794 
1234039 
-4134466 
18647 
-504853 
71 
5 
-2814031 
444666 
97457450 
36908 
-50413650 
-12 
63 
1 
59 
-11572428 
486 
23650161 
520109857 
10697 
8 
18615 
-126 
42188621 
2978263 
-69909975 
0 
-262759851 
-2 
-117039 
2524 
0 
2 
-8065 
-1029 
-7 
-1947 
-19 
1127499 
404246420 
79539 
477288359 
454099964 
995661119 
691931554 
87 
952135190 
-1 
100 
1 
9993 
19 
-821343 
1466583 
5343202 
217614 
41 
84957199 
105394 
-31 
864 
-29062957 
120990718 
644 
-7724 
605506 
40116 
303208525 
165 
196674 
3 
157 
-133530618 
2175454 
-11345285 
1 
-1799 
82770 
731892 
2970 
-6 
-2649 
115157722 
89237643 
1 
-25 
195358 
228448 
324177 
-353661219 
95 
946344 
176132555 
780101423 
1 
25 
679 
14700424 
-1 
513 
1538564321 
-5 
560078125 
2 
-496914557 
-1 
1 
15633146 
234260717 
-115592 
-207974157 
-1 
5425 
2844 
428 
1681 
102 
88247437 
696 
2617298 
-95927885 
5373 
-5872 
31436631 
-239554015 
-5 
976 
-1 
-1 
6 
360 
-172386 
28 
-388765 
1245 
33432656 
211 
15 
6469 
-3 
628566 
11898 
-51737 
368680 
36 
1015399002 
-1690 
246833132 
1 
23 
-1 
-105583 
-396 
1 
4852551 
16159 
42424 
7109 
-7229 
-1708055 
360494444 
3 
60 
-1 
58576 
2913889 
915 
46014252 
11 
-151615 
383933443 
26520 
138411131 
-678 
435216203 
-1 
8781703 
-6 
2 
78372 
18316 
5 
33400 
1320 
871620 
-98010 
-2 
37841538 
-2 
8324 
-256737 
794226718 
138758 
-71829 
457 
47 
21 
76661 
189 
-8007 
-1 
8 
30 
39 
362377830 
-3551 
-1 
318741548 
-2584 
942 
-1827545 
775 
1178842557 
1265607626 
684777242 
5 
-22941 
-1 
-1 
3 
-14392924 
23544 
398257180 
24277 
2 
-1 
26912 
344168480 
1081 
2629399 
-146 
756 
277 
-59437 
134512 
-43 
-149 
143 
-1 
255884 
-1559128 
2 
23 
12762534 
157729117 
321525644 
48 
1 
-117401 
3355016 
2048 
4589 
2340523 
1499713267 
20832 
829129678 
9 
-6703 
1 
-33893127 
-7208908 
-1 
3 
1258 
1950413 
44336197 
-17 
23866425 
264611950 
1254041 
108 
196823 
12195720 
1327918 
10783 
181774 
-84 
8 
20193831 
2 
35764532 
325569 
-1 
261073150 
2 
5842 
1023 
21314 
9 
-5990492 
14397080 
27749060 
0 
9207 
23390 
2201 
378 
6741 
213 
1044 
-13803796 
495698 
560272 
1139 
-1531 
2898 
36810 
2019 
10 
7405 
368 
6 
1535457 
9018234 
86746187 
116 
32695924 
7 
4 
2534 
41134 
321250366 
34817870 
-16959 
1 
-2813936 
367669 
33798229 
2985 
13 
-7037603 
-1 
-121 
22 
29158 
773734721 
1012 
-588283123 
1 
2 
-1154 
646 
-13241852 
458 
-1087574 
418 
-4 
25 
6174 
3398080 
5 
2 
129 
778145 
139381 
-37955 
-14137803 
5 
-116204769 
5272038 
24 
-7 
76888 
2569151 
177229913 
399003259 
3 
1315 
-1 
3 
24164775 
145187 
8742 
37 
7 
1237835792 
0 
-24733 
6284 
160339 
24738 
106 
-5150 
6 
914 
-3 
-86737874 
22977814 
1467 
-205926 
178093863 
2479034 
4383628 
3721 
3648 
1277 
123307 
208901 
181 
3818539 
3 
175489088 
114408 
2554 
-52606 
1178 
-395969 
1110 
1 
-2845 
-5750340 
43667 
812168 
-1802 
228883653 
18180 
1360435993 
4 
-1 
23717 
-2192 
-703870778 
-393837 
17786 
2 
7862 
326710334 
-8 
6 
2243 
124727 
0 
139 
6 
507554 
30443203 
310 
18 
-2 
855246029 
90778 
0 
5325 
195637150 
3340178 
12631 
0 
-202022630 
15446785 
5401306 
-43421 
-6219 
-1753 
781410 
116 
2142832 
115 
-10 
1 
5 
37 
6 
-31 
1074492288 
1 
10853 
8 
-1500 
-4974 
9 
10 
46228 
312873 
305094121 
13925502 
3657 
45983 
4979952 
81064 
-3370461 
75 
20 
0 
-1 
77968903 
252 
351575086 
-90 
6091 
8 
24 
493 
2 
17703 
761423 
39 
5075 
1502 
144188245 
-1 
10385 
-76006 
1 
1 
-2 
45903 
301876978 
-229118657 
17338907 
641943 
2525617 
68 
4 
155642 
-24550109 
23188 
-7760432 
10130037 
30 
-17 
30459245 
7606 
35740 
-13387952 
-15975076 
-78303 
22 
78993 
3336 
0 
-449998 
206816 
1 
-244 
1 
22399 
251 
-12950096 
-981 
1 
-4 
2385044 
25492 
14262 
19888 
4 
-30102 
526309 
697210110 
40869373 
83470 
1251246640 
-7 
53920 
9441 
6776931 
5 
-62627417 
-2922980 
-3954 
4 
1968 
190 
75 
661559431 
21 
-60 
-2 
-12974610 
17797970 
-20 
-22302824 
5 
116588667 
4 
-2 
1 
11 
-3620 
5466 
16866 
15042809 
745284 
-997 
24356310 
-495615 
2 
-1396 
344 
-3 
-24390640 
23548725 
2381686 
2 
286 
398262 
1 
-246362 
68294 
1 
16687 
1695 
623 
-174046 
10 
606577085 
1 
45042865 
137079 
247675061 
420 
-847466 
-1 
1299548579 
95486 
189572221 
10356046 
20096 
276872263 
24837 
-122499745 
2 
5 
4002989 
2434281 
99009 
-19 
399 
189332 
39155400 
426 
-2 
241371745 
-1 
599012 
-10300639 
-1 
22158 
2392392 
-182789793 
-5826402 
62143 
-593800 
147 
32 
-866 
444256 
-13789 
-1 
105 
3 
23 
102 
-186 
10833808 
38623 
12131013 
23194 
362492396 
1957705 
850952 
1101720 
698183 
171808041 
152213 
363 
2857244 
48674365 
2 
-1 
-472 
6 
-1271378 
65579 
8397 
46032135 
348 
12349 
3675 
651914 
15938296 
-24839142 
807 
150 
6376922 
10 
2 
79 
-1 
4894 
63437967 
-21874 
875717 
-1 
41009 
1040 
236559 
2760509 
166361729 
-27 
-3687 
-233379 
4468407 
82 
10855 
220 
134349365 
2100961 
559824565 
18074138 
718474 
1159695 
1620 
47 
-225 
75669808 
291260255 
6 
2778 
2489 
-1 
-457 
20223 
4184 
89622665 
-11195238 
-99 
-454228 
38973429 
41390023 
1072 
225246156 
-59 
-2016346 
7947 
-5472 
82679925 
914 
59742704 
1897769 
-24950179 
-1 
-252116883 
376986093 
142515 
78325111 
-58708 
0 
22463286 
1681 
1 
43063414 
1016841 
10 
-25743374 
2 
206 
-504226485 
-170748618 
191914270 
2777324 
-307 
-40 
1 
25 
11601 
398 
3 
5583 
8849 
-1 
3 
-158022398 
15798 
-41972588 
547 
-1 
10381594 
2 
88145 
17 
86620 
233 
15976 
251827517 
-85633287 
1205245 
-11 
1 
-3271 
1553161072 
15997 
76 
539 
-181696132 
3571208 
-62010354 
277645 
3536768 
1454255 
-489776145 
-516440 
2348724 
12 
2600 
11287 
4993 
1138 
107 
-21 
-234758 
-155 
16 
19369600 
351540712 
-3746570 
728 
29123 
75 
14571688 
1237 
543072492 
852 
34341 
33823724 
9551143 
379076 
78 
803305086 
11035060 
265118 
540221 
67512905 
-1 
-30946639 
-342327 
6 
24847325 
266731284 
1 
1 
41446 
-52758799 
691 
-283581 
-132650 
-21230 
-169 
18452 
8913 
-1 
5196 
20709711 
-234194 
53804 
2890595 
-6447 
-2 
1 
-6 
2800 
10 
0 
1887 
23332340 
11229173 
14777290 
-1 
-917 
5501 
-508 
56118 
2602 
56 
13 
25 
0 
-576888 
7752068 
26910 
272442391 
-142 
-8875 
3323 
1 
269301847 
398930776 
-18 
2 
785610 
5749681 
-9480013 
-1 
916358769 
-13021 
27 
126005411 
-4 
323721897 
952 
10383 
-44 
670620 
132458 
12630729 
-7206813 
489110440 
1277 
-2 
-166934 
178351870 
-1 
-21229 
-7 
949742053 
88 
76563808 
-807332 
700275023 
-3 
3580 
1170 
332971 
299 
25494271 
115 
452435163 
299423 
7184626 
385716650 
138 
2 
2770159 
664295 
-942530705 
2647 
229805 
2410255 
2170 
249665365 
-123042736 
-2 
1029869 
281 
-14770 
-1 
4422 
1 
-5895254 
-62348 
-574 
36 
1637302 
199 
15577934 
24489 
14053 
6346 
-203 
296370 
0 
-203429 
-653205 
-2013 
-57 
814 
-5 
18120440 
-187 
365615945 
987 
29291059 
-1 
262526612 
-3 
6 
7 
80246 
11842 
-1745 
-7 
6034 
527 
30 
329 
53748201 
-37142 
15846 
678190873 
289409859 
-245952320 
-28 
22679090 
428909194 
86509716 
371973246 
1 
217 
-46437 
0 
353535 
-97527 
-155263 
3822309 
9577 
1109653 
1374261 
922 
-89324 
258779 
860638 
621 
165356394 
9 
0 
1001 
30 
15879350 
620797922 
-2791 
35 
1563510 
288653256 
223 
21812 
484560516 
-108 
-41719 
299449272 
544771 
11 
3983443 
178932447 
4 
1 
-498 
-246524 
5 
-12 
-554967127 
16 
7429851 
63 
341130 
-246 
-3 
2 
13459334 
1977 
2 
-4840 
-264508 
16813 
-14615 
-1 
-246 
9409 
-120218 
38602 
-6037832 
1406 
-98 
343149510 
282450 
-970949401 
1761245 
-310281321 
-11237 
3 
0 
639384 
256 
117 
234041 
910170840 
-2950892 
1543 
42234447 
-10 
10572 
441243406 
-159044 
-106549 
6122 
349 
19894070 
9031424 
36755918 
22338718 
1 
100916473 
4 
1 
-819 
60 
-241 
-13 
0 
99 
9374 
1 
1013 
27 
-1 
-33845 
-24782689 
4 
3684292 
109196935 
10 
4 
-1777 
17253 
431446267 
18 
-375 
364910 
-17624977 
-2659262 
-231645 
4 
2 
73262 
411 
111451430 
111866 
319 
6 
182920 
100996908 
145491 
-19628281 
-1 
97148858 
122448677 
3715 
-8 
555 
169 
8 
43 
-943285025 
1074311 
1230 
215 
-104418958 
3029424 
-62629013 
311279 
-75174 
1027 
5085 
-1999 
9 
6094 
71623977 
589227380 
-4 
1464750246 
-755444 
-226358226 
-435536985 
39672 
707 
86584 
-6660 
146652411 
1246 
5080546 
7 
24981829 
12285802 
718191737 
-10 
78594 
2 
11207744 
0 
305826263 
-96 
47 
8266 
2292213 
623894 
888 
-4728 
131273934 
24330103 
-3 
2023015 
0 
1 
17598538 
1 
32211 
9 
1 
-66199380 
7076 
0 
8224 
-25744423 
11772908 
-74 
-455810 
1649 
4430370 
197534 
2219878 
10 
437336207 
-138351108 
2085178 
-237107 
29804 
-200941574 
88 
891 
358181 
3113426 
-2994 
0 
-7362393 
-347939 
118 
-170680 
0 
2 
-56851 
7 
645 
65587942 
-36658670 
-27934 
21791762 
41458650 
48375 
4064977 
28571 
224684 
-102 
38060438 
-1 
-22 
265813 
-1597824 
6955 
357783 
-264700473 
-20674956 
1325 
-7 
247355 
-13 
1210 
-3796440 
612 
-703792359 
-5427 
0 
175793 
-1 
22185 
1306 
22081549 
137 
-153514019 
0 
2446 
117743 
10 
-996 
112177621 
111770515 
62713 
2501 
2553754 
2 
-1 
25268 
29231 
-77189986 
-32 
-465020891 
96 
854 
42730027 
-2464600 
-1 
252342436 
84626 
-1715 
3739179 
623 
-1 
-41755 
289825 
0 
-25215 
-848 
68587 
8 
-135 
356893208 
77112 
1346400709 
21 
758 
102 
771282 
3465 
-55104769 
2534203 
171852 
1478271624 
585572702 
-5380606 
-5981046 
1007507120 
179614 
1225054 
64435 
3 
-216619 
-4081 
-17994 
95 
167577411 
12135 
22 
898699 
-32509854 
168 
-2015734 
5007 
1249792 
9251596 
11863922 
-1 
1 
4599790 
5 
-23 
-1 
19967704 
-177577569 
214515 
1 
3823 
606800755 
-608027740 
11011948 
18295591 
27698 
3 
48 
930 
158056545 
4741951 
4 
135 
811036539 
536411454 
1484757 
-1265303 
19 
123 
3006 
146678 
10021478 
11775 
304 
167757 
14 
58 
2421923 
-10650 
-10021 
251276 
20467665 
139588600 
-438733820 
88908949 
1 
3 
-185997657 
47048532 
340 
8553 
155949 
0 
293 
-14763537 
1 
992375601 
-59790 
-226714 
92416989 
163074616 
40439943 
-223375 
10317726 
0 
45872486 
-791595 
178 
175203 
597 
216 
-1641009 
-1 
-1 
-231827785 
313 
3565188 
1 
27070318 
-52593478 
90468203 
59107 
1 
1314 
3053 
136895337 
-1 
395291342 
933092729 
-1 
12874513 
11754784 
-269 
58578826 
21108 
4 
1636 
-108094176 
-945 
2 
-99953222 
2 
78031 
92 
-6 
1657 
49545 
1144 
718290836 
1 
14 
89674728 
2133869 
9 
-460853430 
5009402 
-1 
1221373093 
205 
-1 
13656 
386 
21169 
556290398 
-2 
953951310 
1 
160263404 
2366 
-290534 
20 
909 
-13039 
49094774 
32436 
1150 
76 
1 
-5637 
-14 
26120327 
9514554 
5473702 
553941 
153044 
-2996371 
13633028 
578920593 
301 
11 
-11748 
6431213 
10 
7461 
215334 
12 
-1432648 
21541 
-3899 
395089987 
1257 
20932873 
476331 
5634 
4770 
94462393 
710295143 
750343 
-1920 
-834746 
439925 
-576684 
-1425335 
13271948 
179 
295 
23424 
8974154 
27211 
35 
-1626558 
1001410988 
2398562 
57559171 
25825 
25 
2677 
5507 
-176062890 
333 
-8 
53520934 
49189 
12308620 
15298236 
29 
603757132 
25 
6223294 
5758353 
7670 
1525 
464888 
383224618 
-56 
37479448 
873067 
-384824887 
302 
-256 
483044 
29546 
20991336 
-33 
429887 
20291013 
74509195 
764281249 
4 
3 
-50593854 
515363 
8981546 
4515006 
2369 
352242243 
278045 
-59050 
-2 
-11022677 
1 
23082806 
3375146 
949 
9635 
15 
87924 
-252635245 
26407 
630 
335377 
326502543 
5070695 
-6221 
1140763 
42024 
-1 
46322 
398513205 
1024596 
5680 
4480830 
279975 
-62 
99 
-30386889 
68665971 
6 
12204 
-510 
-1 
2072712 
-1 
504058169 
-20723166 
86 
-6 
1015 
32678 
803580783 
-5 
-261122 
548461 
52288 
-394 
-1 
-448403 
1048619 
158923747 
357300 
0 
40 
5514783 
269 
0 
327653518 
-479975260 
67 
109 
-39637 
51814 
-4 
884 
-54733110 
988 
976704348 
136 
10779323 
-12795 
20 
5 
129236236 
-431929 
2084603 
96613650 
674583 
4022065 
324173 
104411 
508 
-2878571 
1158 
-7410 
-1 
-119 
1917602 
-20 
4826552 
43823773 
-6788952 
-1988391 
1 
-12 
27130032 
-911105396 
1887415 
-14330 
292008319 
638 
5 
1 
-2 
73335 
22 
1346 
-157042493 
12094 
2770983 
96609 
-670 
12564356 
-1521 
38 
94 
1106 
1 
22 
45037290 
-1 
1 
-1 
-4705 
-394867255 
11 
1300126 
-1 
129114 
1281453 
12630198 
-12 
-7 
44305 
-3566 
-161847131 
187 
-57264682 
7277467 
132294518 
334140 
1167 
6807 
-98819 
29866191 
1143458 
9 
26767 
11 
75686 
411 
-4 
2569 
2 
126008 
5 
209436 
3407 
-12290240 
69 
54 
13 
5237871 
329202 
114204612 
6031 
-541 
-252337995 
-1381571 
0 
179141835 
3307 
-234444 
593660826 
77350279 
1 
429587848 
-151 
66502461 
20205 
1 
1198127201 
2295 
197 
71291932 
-86 
-253198 
462 
750288 
881306 
680 
48340 
12335927 
914652711 
47010202 
886 
80 
3430 
3 
661692 
-14 
724978 
-1344260 
1 
72 
102148131 
-44 
40224257 
5 
-338689 
-3 
173983582 
142 
3 
60118768 
-56 
39861880 
616784615 
85805562 
-1 
74425 
5875 
-6 
-287592 
158 
95 
-4083 
179711785 
130 
-898200680 
29153936 
53988 
18 
92 
1359 
1349525303 
23 
1156117 
746853151 
740618 
492548676 
-112999 
551 
2 
60993 
7 
294 
-722279974 
-1 
597 
9747 
66 
14627767 
29316269 
2020 
17726228 
52000 
399483 
3 
1447408 
3508590 
-13 
267 
470 
2740 
609777 
16 
251 
479307 
866373 
-279457 
600 
-145197818 
199 
109432316 
9687591 
1691843 
1807615 
71 
-348 
561592065 
-380 
-18739287 
947775016 
55162151 
377891 
11 
603584773 
-17 
35 
-12 
1529526 
0 
14443285 
17035 
-84136232 
47 
11845 
245079515 
-808468 
1 
-56 
-9077 
15 
1626 
50236710 
42013 
9253 
-471150 
553320781 
-4365 
-78935 
2 
9360186 
11867 
468062 
-31724746 
640471 
-1 
8 
184 
-1 
159 
-57 
-8024821 
590 
756256698 
-41523903 
4353509 
23303320 
1 
178888054 
2525 
-7 
19 
141935903 
9 
-15 
5276 
1015242 
-256388 
3493 
94427664 
354674 
9196386 
38 
2 
3647964 
-6919 
-2121426 
75 
-9 
380184 
336189757 
51662240 
-1 
-737 
-1 
-2112537 
-1 
7 
-4019 
135 
164269 
1 
9100 
25 
-57617 
1 
2650102 
1027297075 
281 
339 
-892030 
547670066 
59268 
1 
82 
3 
-832785143 
5979 
484 
-2 
-57 
1279 
-39061359 
25803279 
1683077 
104215 
1 
30 
6476 
18187762 
42425 
-532323 
2 
131830615 
3897470 
-1 
-2 
904246786 
22123121 
607 
174208628 
37180157 
65 
-111822 
-5 
59179 
786 
14 
8129 
-1502714 
383534013 
-2 
16260 
2 
74034585 
33198828 
12 
1683743 
-594539 
-70 
-2372234 
104453 
6 
17955 
-495351 
233007 
10 
9181351 
-1420486 
-218613527 
51 
-287 
-3649 
1 
81 
2 
21 
1 
-3545 
99771786 
898205 
-73750537 
-3 
766 
-174628 
23931 
-3 
23215 
602265692 
635246801 
371075 
-395 
23859043 
7 
42 
2235 
-49 
-12800541 
1073802578 
12772 
9989321 
-14786 
7 
1486338 
873 
708 
2920171 
676719581 
64 
667609 
-247318914 
1298 
135 
24827786 
1495 
12521928 
71885 
10 
11 
1381535 
17404 
221512 
854174 
-77514 
27534 
25 
68 
4187226 
-675359 
-39547 
393823571 
-8 
3923 
-223164247 
11 
-6 
-31059 
2760075 
0 
2 
45009 
-1 
-10497361 
-1 
362 
443465 
-504030925 
-28578 
4 
20 
-3 
7248234 
865129304 
69389385 
1025464 
22445318 
-3 
-2344193 
326326 
63797 
39238 
-127002147 
-53396449 
685300479 
60621636 
-10 
-199 
1373843 
-25 
21242 
-6386 
1 
3 
245160 
37127 
-1017 
-5 
-9018 
-106405855 
0 
-72816 
-1 
-6 
-5 
-407 
-328 
37565525 
50811 
-4 
303726 
-63 
118862941 
5211 
-41000 
1304578281 
737 
-75539373 
3395 
-2 
26654 
115 
2120 
15 
5 
1066895080 
-945452210 
-182732 
749894 
15 
48907 
331646385 
3163697 
5 
35574410 
-2862574 
766720 
1 
22 
79065612 
3317 
35404123 
-1 
47 
367134 
-269419197 
451190 
84234261 
-170760 
11292 
2 
6894123 
4 
3011156 
1 
69919 
-171 
-197237096 
11680266 
3 
-55483 
7506 
-160185202 
864867 
0 
-326803191 
301 
99478619 
-5922 
-3846301 
18891536 
0 
43774 
2930840 
11 
964913 
106446474 
2 
3052 
159 
10092438 
-235904 
3 
15397 
797847947 
2 
-1012 
64 
42 
5138 
1559176 
4 
712 
-982 
44318258 
20 
-5 
-9715 
193 
36925708 
91 
-4 
1 
828625 
-63 
222908 
0 
-19813 
12505662 
-2 
12842895 
17 
2 
7 
11083385 
12283 
54786918 
11772 
-105054773 
-22 
81 
1 
-470 
16432073 
1308598 
-358184 
0 
584 
-168 
1554 
122 
-26 
4720 
1 
237263 
27912 
-1 
-934 
5198 
305984 
3 
2889 
-2 
-21 
-1 
-336582572 
-185462 
4232 
435982940 
216629 
2190731 
383460269 
-89084261 
-3 
301099 
109 
-467727254 
87514948 
1224 
3416599 
100054060 
2712091 
145559750 
-25168 
-35704 
382031 
35 
1088805965 
779843587 
28839 
975280 
1004 
4555 
23987630 
224 
11 
82 
-61501 
342925126 
-14866917 
153 
1242594 
508293734 
1611323 
3005325 
31385 
-529009033 
1 
2 
9 
-308 
418 
-183589888 
-78346 
4 
533 
36236924 
29358255 
-57562 
2902861 
16668109 
702449 
1 
15 
37966 
-2634 
10426 
4120 
448129213 
-64 
33 
455 
1036 
154323328 
20268897 
6 
12245683 
-653 
39199 
-179049153 
4734808 
30661256 
333 
-27444 
32 
63 
98 
260974 
5300957 
-994527 
48880060 
1 
16320222 
81294 
76750555 
11 
1093058 
86554181 
-43 
-103 
0 
-35002858 
1 
4 
-139680141 
-4 
20037590 
210080 
84911497 
8955570 
40188 
664 
46537745 
45774 
304111 
-218645 
0 
-1 
1 
1230378686 
10705419 
334469161 
80035 
-2 
4701944 
9 
65403750 
2991794 
17538568 
1 
-52553880 
-3 
19 
457 
14 
-2 
10625 
75379836 
136829 
336 
-20538277 
78185 
-1 
20280 
924 
1035 
2 
141 
-904413 
2812 
5072989 
7 
45626 
-2 
342710234 
301 
-22128844 
-10 
1 
7071060 
-59 
90708 
-107728 
-5296 
55 
37 
1234 
242 
-8 
73991621 
45034438 
19144487 
152630153 
-3525 
557704779 
268 
368 
85173 
68929 
-2 
203004497 
-94025716 
291017 
597336625 
17138 
129593043 
349146088 
531591603 
48380183 
1465006 
-1153 
499965491 
-3758566 
16527 
-3346 
0 
1 
-7580 
9 
-473 
-53 
-15360248 
10629365 
-29591579 
10 
880 
123342 
-16232 
332428 
1489732 
228696107 
2747 
1562359 
-12306 
-76 
-348 
363783952 
4570802 
4 
2579 
556 
-1 
803959590 
1251 
-9401604 
1407790 
1233728 
477904 
-8355064 
-501518708 
1383636691 
2073339 
259805 
1613290 
-1 
330404952 
4729728 
620 
780136 
25 
-53897 
1 
-48394896 
2799 
377504539 
-127144652 
9043116 
-2070574 
45 
593301199 
140729 
76692 
-63504197 
1 
374607 
-98084215 
-3 
2430 
-2367373 
283050 
169 
17788 
270 
-33 
-101621 
2444045 
0 
27134 
417 
29942 
454168 
-344208712 
-107 
192275210 
12 
57838486 
-13 
546 
32353 
1 
382001 
562 
-1 
13856025 
11791 
13 
78222 
-2 
21692 
27 
62911 
-1 
724 
51 
14826577 
677424546 
1 
714 
-251 
14128 
1523 
409613883 
-1 
164506277 
514381125 
287 
4 
54 
667803 
3 
1675208 
287341935 
22546 
-55750348 
29 
261675 
226 
654737 
51361 
172448036 
-232441 
0 
79 
2 
1473931 
9687 
984 
1 
713088 
102914 
5326 
6338989 
15189140 
-923411179 
75161461 
39201565 
856829692 
13 
-6 
565 
1199 
10 
0 
-910 
1480 
25856114 
2723 
1734 
-44959394 
109 
1044 
32 
275 
675931 
-4230 
51 
-514402 
5809 
43574076 
64198 
-2 
274161563 
64865624 
66419 
103205437 
71562 
619 
-670 
-377114559 
-507404325 
248634959 
37 
-66708 
2271 
-36423 
-64082 
478 
5 
194546603 
1 
-226591 
-58328517 
50 
-1718 
91 
-19890 
1878196 
11634839 
14537 
105087690 
-1 
310255061 
798289345 
120880 
313443 
12118 
5 
16 
-36562 
8824 
47 
0 
79732474 
53 
4 
-15801 
22551 
11608 
2430 
13 
-7003 
-731 
202807340 
-23272930 
-3697 
3045 
29 
579 
5349 
2076 
1173175 
19078 
191 
-15194 
-155566745 
2194911 
39 
3 
82724282 
29711 
1 
66504920 
525 
-849 
-13505997 
11 
2486062 
-12360 
-394624 
-6742 
612427 
-4 
398 
123573638 
20 
401 
2441 
2601965 
901 
13962 
115096935 
103075 
-186 
20034 
-1 
4604847 
10 
47576 
3 
6732 
1726708 
-8177 
233052743 
746054165 
-8 
-3194 
97019716 
106132 
21 
2129 
1 
1 
61269412 
7741 
-1 
2 
17829478 
32 
11195910 
1 
-7772 
-1 
857130 
7143795 
22767625 
2 
37 
-10084091 
209494 
1 
1483 
227910 
28137710 
-5345568 
19786300 
2452 
-10404 
20878537 
9 
1259972662 
-1369087 
-212421 
10 
-1 
33776259 
648 
61 
65 
3630597 
-3871 
1 
18308131 
2215 
2661278 
9 
380 
3115004 
59772144 
8440 
5902 
842734648 
2507 
-18078108 
65 
1326509 
1 
-171401 
-63 
-5701 
13612 
206324 
807950 
12357215 
-442104758 
4893 
2772 
-274 
-4981 
-21 
6066109 
5039 
-433407 
632120 
2 
-14251103 
1277912 
2841 
286598 
116143333 
81 
2 
-39080 
4164 
-24725 
788367 
549831 
-728589423 
13 
2 
2363324 
-698084 
897 
27222907 
22 
61657 
62838882 
1 
554748954 
775069 
1 
957101 
20075 
-594068442 
135 
21815931 
2 
600 
7116 
-27 
-161476045 
605518842 
1985 
-5552 
-1913 
8534881 
6427 
189 
9 
178007 
532 
280 
21222761 
1103438 
21142084 
13861552 
382733554 
-944370 
15297738 
41102 
-52 
-438416 
-3586 
5668846 
2 
1 
577815 
202425111 
1 
112565 
-339304 
652005 
33 
-11866051 
-1198 
76 
44219 
774 
-84080245 
36232452 
-1479 
243395 
220 
8656 
1 
0 
3051 
3426 
1060526539 
74455 
-6548 
2 
-202591 
2 
3569078 
91721 
1674633 
95 
104167 
42 
480916 
-4098 
1 
-26756 
1 
1054 
2021464 
5268 
3456156 
7189285 
603 
10879553 
276090 
1 
19087 
55670664 
33937 
7 
11 
54471 
1314164 
63829 
95 
1222341 
1119 
1664941 
687960920 
5893279 
622 
-166092 
279122077 
1346655008 
-1903038 
3 
2744804 
668777234 
4257 
578852 
78418 
321211 
4445651 
581740 
374870 
13 
2 
3690945 
109 
125504 
12858278 
126329434 
34 
2360546 
980 
8 
284143 
24562392 
1 
3 
-2983857 
1957939 
-1 
-32763436 
-1 
57 
207338315 
-249 
162691584 
-211503 
1263 
7 
37494 
-96 
87 
29 
679287 
-1770711 
38 
262494877 
-132773614 
2682 
4458 
-1 
1135466 
3864382 
-206 
-102389961 
1466892 
55 
-58012 
81421961 
-1435 
32615023 
0 
40 
1 
1 
35 
-198625610 
774951 
-28074426 
9518 
-486099966 
-244224684 
18284382 
242268014 
525716 
154 
0 
31 
241165 
4292330 
1595966 
1019624 
67683163 
41 
31849 
3871 
3083091 
5101733 
-2842836 
-103 
1 
61232323 
10 
301 
-13 
696 
-1 
66550 
96176 
-9343 
-265 
74885 
36 
691452 
1 
256 
13769 
0 
13 
-1837 
4528 
58 
-22651604 
149 
11311 
-778 
47159 
81020273 
-10 
-2095733 
-77821 
-6 
46 
138324500 
-54257 
1449020 
-598134156 
2549 
76518 
45 
-95 
11778620 
750 
10685732 
27 
20118906 
29499 
5 
42 
-251081363 
-1 
-403511 
-1217 
-228753668 
105928 
-21091013 
1413356 
29155651 
5925 
209263 
-1 
23391 
110 
45 
1332554 
34 
-7229708 
21954957 
-16449287 
1 
-1 
1067 
6063371 
7348424 
-8171050 
212280690 
1147169 
-64 
-36 
-520 
377960 
1567639 
19621 
241039 
44461 
1313887 
1883004 
13 
17 
765113 
-34 
-26947 
841372412 
-534790321 
5403 
2 
0 
2271 
1338 
8564980 
1089623 
-105 
222 
3054683 
3739 
935 
-84600001 
191224 
649377378 
0 
59131790 
0 
222532073 
8597 
3149 
3 
380893 
2168 
-98080296 
147 
-10490392 
210079916 
-199777 
161635 
-1 
166591870 
447787659 
735873978 
92945501 
-41 
786393 
-2737 
178244678 
-3 
25243 
-1 
-1 
-361326166 
-7455 
161 
-26 
-2488 
94 
2 
263040849 
21222 
2725375 
151355104 
-1 
355 
5975 
76028187 
561 
10 
212 
-544 
11447 
1446379 
42 
20673744 
720239372 
-29615962 
77 
-3 
1311193 
-14434685 
10205865 
16583 
-1436 
471861742 
217056661 
146 
87 
-474534687 
18541 
2418589 
545655144 
4 
459 
832 
316300 
-1 
170599777 
3857 
4 
-177865218 
226509 
57 
4 
9958 
997221964 
-1 
63545031 
1570031882 
723 
38 
75277 
38 
8971941 
-230604 
-146431578 
10308587 
-9021692 
20280 
319 
32398 
-15 
2 
510464 
43 
1428 
36736308 
-6852 
31 
122737 
2 
375 
-6 
244945392 
2 
11267296 
10427 
1 
256038123 
-29115 
583541 
280 
390010 
371 
39 
299214 
-5 
0 
-2 
-184 
-29 
1488745 
-509364054 
42 
-341 
-620372868 
94937 
713 
233 
1225648861 
43808 
27319 
496 
10912 
17216109 
752254 
8952849 
-112338 
-142523151 
713297 
9448 
28 
-1 
-2 
-15 
27027051 
-31587 
-51972 
125 
-1218 
3138693 
1232872090 
2980 
10 
433 
-30158 
-400 
6580314 
-12 
7492380 
-3567776 
15 
893094571 
-116 
880560 
34 
78470023 
6149324 
-263948 
28608 
25025 
32740670 
-4595231 
2819 
-505 
-1654 
-159833 
-22683 
437 
7093178 
-26692 
59 
-1 
1250926 
771974 
6951186 
9 
-7 
2 
1464016471 
8673948 
-17576 
0 
127075478 
370226351 
285 
-727395 
-69615698 
417 
9858 
7242 
-401 
-66074 
392813 
37 
2 
-1 
3909 
-399403 
609 
5 
634513647 
15 
7390 
5817 
58624 
3 
2144111 
3928 
6827 
-331361631 
-360769 
-1 
2 
2527 
93 
0 
51 
-2 
1825504 
-28398 
96551 
3 
227 
1271412 
166 
505 
-130979 
822671146 
-12 
7 
5707540 
361342 
798582 
587161 
1291 
739894 
10678963 
6 
2094 
475658020 
1107 
4025 
23808153 
-56450 
233453 
-3041 
-1 
-4375 
2 
0 
174 
3 
23829 
23 
0 
2007 
-6216 
79 
-12 
31 
29034 
34147 
191292283 
89 
1 
656 
-300296991 
991 
-19927071 
-198 
345074 
716 
121507 
3068 
745 
-53966983 
153 
20298 
808 
-1 
314695317 
-41482 
93473273 
-147 
10028 
678791 
-11334 
-54 
-529 
8 
3714 
-1282773 
-1079 
-22472400 
18245560 
4 
9 
96708 
124085 
4683965 
196569 
3 
152 
0 
-3 
22623 
-174 
31 
16896 
-3826 
346742947 
390860806 
-8 
31 
27 
3620207 
-143 
11631720 
3 
656 
30 
1665504 
249 
-20 
110468462 
790176818 
562 
398349215 
18 
88 
155972923 
-2 
4951416 
-181123659 
-13038956 
-2 
564 
29282 
-1404048 
-25 
-13367 
1777 
1474035345 
134 
-98 
41872 
-90 
-18811 
49054 
591897809 
22289535 
388 
12415923 
572257 
50549 
10 
-1018090527 
15399483 
48753027 
-1 
195552 
507 
4 
-1 
2747 
17319880 
134821063 
78 
472322867 
-34 
659415 
76263 
138399380 
91690 
-668 
1051705 
3 
27267274 
417737398 
8328020 
-4249885 
13484 
135017 
-3035 
21994 
-1 
1 
4653434 
221792590 
-122353 
41301204 
-2 
1662 
1 
50340398 
1026725 
455 
445 
12109549 
82636 
166 
25 
45 
1026 
9 
-66 
-6 
41430311 
4085 
-445793780 
-31447 
48202549 
23864324 
48805409 
8245461 
-1087544 
-85772546 
140677 
-124588426 
3 
-914536 
-2 
-12419783 
-41269 
5732193 
5970 
26 
-1 
186 
11391 
-55 
-2 
17 
3 
-6698 
30 
10065807 
-15 
6 
2009591 
133 
2 
17 
29 
1 
12698 
-94042397 
152323 
19 
8 
-7 
-64028681 
97286 
937 
69942662 
-30908 
-6 
-14054 
-258665100 
-19029754 
467411 
67809 
79707396 
183875 
-5127766 
9614400 
70081259 
347658204 
-3693679 
-1 
-730 
3114402 
-55 
1322074828 
-61923853 
35 
7 
2 
175870440 
1 
176 
20305038 
-3672 
1304972 
-790544 
7284304 
1691 
48312615 
244398 
87888546 
-10297 
1 
418051530 
49586 
36747171 
187205 
-174 
1006 
498621502 
580374323 
6091244 
0 
1 
6205548 
-50592 
132 
-195885 
98 
-4594 
592 
20430070 
-251 
17 
54144834 
680558 
22852566 
9208 
226 
-61560 
80 
1565788 
528 
-2002049 
36495309 
70 
-6336 
318094258 
-1 
21305 
12 
1519229 
6658 
164113334 
309219 
-424772558 
84313382 
136 
81217470 
16 
6 
755624 
2988 
6235 
-5305738 
-391 
505172285 
46668757 
-1007634067 
-12 
329 
1732 
-1543451 
6 
11733 
110 
688893 
2753 
-479952 
21275 
-113999 
737 
7467659 
156749614 
216355905 
585 
24 
26 
-6 
75056 
4058862 
17178 
5828916 
-875 
-30472 
9000460 
-165051 
1990552 
292 
5 
-27624 
496 
1 
1898062 
769697290 
-482352599 
184296157 
2 
-97 
385790582 
-214 
2 
-2207888 
1088 
1055 
1 
5934363 
420343 
344991699 
-2 
7108 
41686 
-10910 
435106482 
-1 
240793 
11691 
11982 
-3149 
111 
535 
-414711 
33551634 
1 
489030 
27331 
47 
-1877 
14164 
2659 
14 
1516848359 
19267414 
196793165 
-4 
-387133221 
16038 
142862 
382636772 
165736606 
2126045 
162612 
18683 
14142 
-3 
-19240 
0 
-659485195 
-16155275 
-1 
356816064 
22 
444603 
280350 
-15712 
283337930 
-324463841 
-696927015 
7134 
106 
1464 
1 
257 
1096 
29303319 
3 
283 
1 
1771 
374 
8 
1 
10106430 
129106 
20985 
963632439 
18638334 
2567 
459624682 
246 
-1 
-251432 
14208750 
-378 
5488 
1255663461 
4 
12004032 
113092176 
407 
6 
59 
69 
-1 
19 
1 
-227734 
1104535 
6077 
28466 
183578 
2998 
774 
47027154 
1417 
48543 
2616 
-2268 
-3170 
9510636 
4800051 
1333876184 
3172 
20126197 
-29810 
938319 
1466304 
1 
8 
-100 
7 
-201236898 
-12443818 
2 
65764211 
-76015387 
669754 
323386947 
24366 
264364224 
1420714336 
36 
67348 
172006 
-75 
2 
12281278 
-23457308 
1399 
-9521143 
1475058 
8779920 
4210604 
-53 
7948 
6 
4387226 
250687885 
7503455 
-8551617 
886 
1797 
94675147 
-368568 
-1 
-83 
192 
720577405 
5116561 
15 
-7725 
-3574 
106072 
27 
-41970422 
-436 
1 
52 
137156154 
118495040 
5710 
-842008 
107 
-36741 
-231584595 
1 
1 
311789 
397533179 
7 
8 
-164987002 
-436 
128803474 
4 
286 
4 
1 
-196244 
168 
10706 
-1 
3774951 
17 
3217 
1769 
-6683884 
-42614 
21418 
-3609 
79343 
5 
3479821 
705295515 
42638094 
0 
58694 
9967697 
5563318 
134379793 
0 
335387196 
972393 
5 
1507 
-2152202 
-201 
4098 
3 
-579 
-185247 
75 
19327 
-3883 
-22735144 
728956 
2322912 
239370644 
46 
45662 
114703 
1333 
8 
29994378 
85 
1 
200102296 
21 
-155 
1756236 
-480956263 
17 
732341632 
843246276 
35137116 
176225 
-788362 
1201 
2721485 
248454332 
67970 
-111779112 
641 
182384690 
204649 
-216186844 
2 
188 
20 
1 
1292898 
1550419 
1214 
5 
15 
-493080018 
-1 
8 
643337660 
33 
39054 
-2 
-365 
171677 
3301 
207367 
0 
10784 
46 
245974 
-6429 
5 
10250 
-44976298 
-2 
22069996 
3644 
686 
313 
-1 
47792 
-31783963 
1353508689 
11 
19460138 
5453 
1 
4500713 
-174104 
777148978 
25361142 
5899 
13622579 
85996547 
2694916 
34867594 
60765161 
25146609 
15616886 
269815275 
67285 
155087533 
183827429 
929 
-10 
1279 
19 
16 
696771 
0 
13 
-1412 
-16371 
-339430 
0 
1 
441082685 
112 
104808 
495 
-112000922 
564235 
-7 
15 
66138126 
389 
2 
-1 
310678639 
440599233 
514 
374031 
509838261 
-3940766 
2705 
-36 
59155264 
92752 
330801779 
375 
-1 
1112114565 
381 
1472720 
2304869 
-63 
99701 
295 
-361649 
0 
-18854 
282840 
1804 
279765 
625606905 
32 
2376 
10 
0 
-878594382 
847 
-1076293 
5 
151535 
619 
203014515 
8 
65 
773493 
173401959 
5860866 
1530313 
30 
47719695 
19573 
-1 
2 
6190217 
8069198 
271861898 
579353264 
198464896 
-23 
-24715 
641251607 
6188 
581 
109817443 
-10143571 
22627599 
44852 
1 
1391916 
21506272 
416615401 
1735988 
871 
99309606 
6764437 
8559 
2195065 
14277 
346639250 
1275889 
761371035 
1 
0 
39 
2311098 
743 
-24831 
1597 
-57648 
45594 
-104961 
-6 
284323109 
310 
-45210368 
-115465 
552 
-150 
1270435 
22485 
31161 
1131869697 
390853335 
-849153245 
96930 
-203331571 
22727 
1306 
3149302 
292 
191051640 
401 
74228 
-78917624 
3357 
2806 
2713 
14882704 
-6804170 
49566488 
6129 
100473 
278227524 
-91 
253169636 
-7 
10468 
-1 
3518 
2 
-1822 
645553 
-3933346 
1 
1526 
-2 
-14550 
-52064 
-1530247 
0 
-3954 
3513 
42201502 
-6126518 
4025 
100868664 
-479 
2936855 
835841324 
0 
103688 
-1010395895 
2218853 
-422494 
36078 
91 
692227111 
54687470 
5 
106497315 
143092 
-770 
325 
149 
-3357160 
1046931 
-1240 
5972 
-26 
135780459 
-8684478 
508593 
-112998 
67119 
0 
677 
14 
-57118 
-5314120 
62252645 
-96 
346884850 
13 
9 
10044 
1 
-706077978 
2 
1 
195 
-214065815 
1081608 
-756 
-645621 
4 
12391061 
1 
-2 
-471801907 
-7718 
7 
-1021305 
-1 
3276101 
262 
19 
-3778959 
1031 
-208345793 
321 
-22398 
-988 
1139294 
5468136 
2429838 
2 
-352339 
295579699 
-1492 
220660075 
49067905 
133642401 
19334922 
1301871 
2 
24500971 
1333613703 
-25 
380925 
-46 
2 
-3 
348894724 
4425178 
22140324 
0 
-46340 
5 
8 
4 
-30665 
263976995 
-828748726 
20 
-2 
195231699 
2535166 
75 
1 
7 
22731 
194 
-3 
-562 
4 
33453 
345 
213 
47899 
474781162 
-26469456 
-494389855 
7736713 
81 
-1 
140062 
36089 
85861 
185 
-5075367 
337 
4 
2034646 
9 
6619904 
401406566 
24677365 
3 
-158494380 
128 
650740 
44996 
1413118 
2689920 
313484381 
1489 
4090591 
2 
173644424 
15783 
23 
120 
533 
-941 
310951 
912 
370 
1417 
5459070 
1 
11491 
669503115 
1 
159352 
5 
41356 
1958958 
1 
-1 
685 
4 
-292884833 
-1903 
996298 
178 
10317292 
493 
57363927 
3018587 
238 
-235408 
-77538991 
47296 
353 
11299 
96 
3 
1 
-7448 
4386669 
11295 
-1489 
-16 
3 
-906153 
126994 
-4 
188773 
39924 
9 
-811 
5409 
61853 
0 
4 
2572448 
3 
348 
-41 
-65 
8101945 
117 
-459 
11450 
2224032 
40114753 
25004116 
156438 
26543078 
-136 
2174 
5989 
-1 
2 
10790037 
1517 
165 
161512 
-708 
175045 
5913 
6 
316777 
948575 
60 
229 
653039344 
43 
6028 
280 
129956 
-2 
24 
4261 
385914 
2274177 
-144 
1025 
-1732 
63784 
376552248 
18 
1331800 
11795200 
315134 
3590 
64030 
53488045 
11 
298 
44 
2964701 
5719680 
45318 
577661503 
12140917 
32696380 
161695 
1045 
7288 
1336 
-568523849 
1398 
186588 
0 
11 
48038066 
-1931362 
25949771 
388847 
35 
296449 
-53 
34211 
-4032 
949 
257184922 
2580686 
336 
2512470 
4 
-5384 
55378 
2197 
43835 
2 
168 
3053853 
94745290 
1 
43 
18 
135113270 
262 
6 
17292 
-607550 
4 
794 
-40526 
296 
2659 
133 
1 
0 
986 
9571 
10386 
429 
5791 
79349 
47186 
-60600145 
66507 
20 
634699295 
4027993 
-1 
35843 
-1 
4 
-4 
-16745628 
44783703 
-118 
59758520 
-1021839070 
6 
619 
1 
-3523072 
109808795 
-1474 
2231 
2 
236678 
-2492692 
460465 
344 
-7 
87552 
482 
192292 
4340 
154 
383 
7756 
2419 
35 
2490060 
47 
767 
-145823432 
-7489205 
314 
5285619 
445423557 
220 
2404205 
-6 
9 
-7832670 
-341996 
2872 
-4 
5 
23 
-182 
4 
416 
-366743487 
184 
-4 
1265 
-411 
610653 
0 
1 
40960534 
2935424 
2225 
678 
15 
19091607 
-870778 
59339753 
-2 
-18738 
21568053 
-689863416 
3626 
52066 
37 
2056 
-265254525 
10 
34673308 
295115836 
-1 
-210 
10420491 
-74 
440 
2 
7800900 
265 
10716533 
-1011843 
705 
0 
4 
1399416 
1502368 
84348142 
0 
16375 
52 
-1874840 
6032946 
9246426 
179518848 
-58140 
85076814 
125905 
359 
-255404 
-30044336 
0 
17951617 
185 
2 
5157788 
33438 
1 
245 
124742 
172774153 
-612628 
-883 
-345023385 
84036836 
938209898 
80538505 
21 
40 
26132 
2 
11323169 
8417717 
4381054 
-794735 
-1 
5360 
18 
-405719606 
1521 
7177237 
3811 
45413 
17 
-332294618 
457574720 
157763181 
25828 
-26547 
118862 
48935 
567929 
892 
-214636 
8 
8 
6113 
120 
3 
10052 
10 
2 
69 
69231 
47862658 
81236241 
2435884 
17 
1021685 
3054 
118802396 
191635 
-321851718 
36 
1069 
7 
45 
600 
14763515 
1 
-934527100 
156265512 
24332160 
263512 
-32943297 
11 
-728 
2 
136142 
-6020 
597214246 
3080 
62880247 
34471 
35630887 
80 
363907 
4443 
-1 
-13388935 
-1 
1226461 
-9110 
177794308 
-43629 
1 
625311387 
-421347666 
413 
-379 
3 
-28288913 
317326 
24 
253 
15313 
162131593 
10290583 
-11914140 
2860 
265201691 
9138 
47519646 
40777 
-55695435 
191 
1476 
10240763 
312 
57698 
-22722236 
-980181 
2 
-1 
10 
-143810 
670656846 
10932785 
-1846192 
392713000 
-1 
1338012 
-10 
95 
58 
-1 
1001517812 
12851979 
2163 
13 
56 
-1205 
0 
1187694068 
12023 
14242 
1 
137349965 
-43 
5256618 
45 
6089997 
16862 
4920 
99 
35 
18352 
5293731 
1253205739 
-359 
107955 
261344802 
351200377 
3611091 
91 
149904925 
19 
2488041 
18 
9691 
87158 
-476874047 
77165 
305955 
5627 
685984314 
366583 
8615 
12235211 
561762494 
600823 
2414 
162309 
-980 
-3 
21 
-2473466 
12518166 
-6585709 
275186635 
182 
-1 
8480353 
276574 
3039582 
786 
504 
1 
-1066300200 
229189 
-84 
23840320 
-7829791 
166 
60061585 
37706242 
3 
1 
-988 
773 
0 
2520 
-502632 
359 
25035765 
-73535 
-14369 
1 
1 
143644724 
2161005 
-66157711 
151671 
232637 
-1349 
-1 
2185691 
55825557 
14031559 
-315387932 
902453674 
-18978 
-1 
18444362 
1 
442265578 
10933 
15487 
5492291 
1311948744 
-863663361 
343210 
5597 
424186702 
-38724 
42762081 
693207 
-203594768 
-654878862 
603861887 
-9032 
2881338 
8754886 
97084058 
-3 
105991 
580681 
-3363633 
322544 
-7477 
-957617 
1447699 
-116884 
-1 
36669 
47486 
132413839 
172163940 
-399 
455308638 
297057 
67931 
2223638 
820944 
-4 
20148 
5065 
3 
-27082549 
119316 
18 
766 
11338 
86895 
6743393 
97 
2 
41996908 
24 
576234577 
10314456 
-2 
-26420 
3 
428 
59808 
-43905155 
41553 
-3 
1 
196238 
14372 
1 
140 
20 
-3143 
7266 
-1 
4622217 
-4410 
26045192 
654444 
-2 
70174284 
0 
167 
82 
-2 
283 
10075 
777271 
1165 
-1963 
200 
22257 
84 
80229620 
1 
281759806 
14 
682136986 
-34872 
81 
-354 
81 
13577460 
111885 
-1 
-43179 
17 
4 
-449 
54 
-51839099 
1418 
-1 
243944 
5168 
-465 
166 
30920 
4938 
348 
88 
-1283177 
373585143 
-3398961 
175968188 
119285 
-1 
-477961020 
-5 
2843682 
134 
33 
4458738 
352838 
1193596991 
72905 
-58320813 
39921 
31 
-1 
-10 
107367052 
50677 
297 
5373 
-5 
0 
79 
54 
-661684 
-9757992 
300 
-95115 
32886 
5 
66188112 
-1 
20325 
159021 
58 
1653466 
34477 
44243569 
18439 
-117039 
156 
496488 
-3 
-7193 
-15 
6 
8289547 
-3536626 
-5296879 
229994368 
-11 
8304 
594 
25774 
-1847 
-844542292 
-103127 
1326 
-891878927 
329 
475 
-12 
40762 
344 
-3 
2902 
50153522 
8 
5 
35331805 
16387057 
-2 
8093 
2 
90 
-21663 
2740716 
-9508 
687735 
53624177 
2 
2 
-464415603 
636505795 
-28937300 
-32091 
-1238 
181860536 
8 
214 
5682 
20878991 
47132 
5196101 
-96 
155949399 
821118 
12 
-9 
2568000 
511312 
493393 
204758625 
-5 
25561 
-645 
1 
-6 
-1798793 
-3512831 
-475 
4548 
4134 
13514159 
-943520 
-87071 
23107285 
32575531 
-50547909 
5094680 
1288 
800 
1695 
22 
2745 
1 
48928 
42596994 
6 
897907 
1 
1203 
125735558 
24877 
-1 
0 
-295 
160934830 
144220480 
66284430 
-106478276 
1382600919 
23982 
-1118 
266 
-173 
-629142 
5 
9866980 
114 
-2442221 
14 
489854 
36330597 
-935506007 
99551927 
-55376 
129 
26344 
-33874 
18166776 
-1 
157959 
90215251 
6213004 
-1 
93581 
157325 
8 
42697161 
-1 
1 
1038 
-43020 
80685194 
-20119 
-1 
9 
3527749 
134511000 
-67 
-30528655 
41 
-248467243 
39933169 
36275 
798 
8814 
1469377 
79395 
37 
47 
2739219 
40392790 
2541 
6570537 
1450147 
2037 
-528154727 
31 
25 
78946 
0 
308 
559853874 
2314 
375193444 
-542 
51116429 
321285071 
724070438 
94517669 
-4 
9158 
1383012 
-16224328 
-8 
8277 
1258 
-6 
10721 
11092 
9 
163419325 
-1 
29 
1158 
94302 
10428 
255303 
-17638 
1032669422 
43186457 
-1 
0 
-2016 
6682613 
86728308 
973995 
25969262 
-1089 
-119890 
0 
63 
32 
582379 
22 
11836 
-414235363 
0 
3066716 
-23143 
-41 
28 
2 
2406428 
-455084522 
19 
360406 
81134 
5 
11089 
-1619020 
14 
16 
-8347332 
2693460 
62 
2706146 
376378542 
113701 
16 
-41504620 
278367 
2798598 
17 
-25 
1 
-2737 
-427859 
39006 
423884 
-5676866 
47 
81925 
-30 
3062744 
11877 
2282823 
5 
-15 
21 
59160842 
-492 
1224 
-1 
-261974 
6 
805136 
-17036023 
-442 
15 
21934 
211083 
3481960 
95299 
421487274 
70067 
47085243 
1 
3 
-1 
-7471027 
-2 
4286 
21107 
2 
39308579 
-13481 
11424020 
1042406160 
-967 
683393591 
4675950 
10373556 
-159798153 
-377588542 
71536 
-25 
77 
-84559 
95849 
190610 
33 
51514 
-343 
29 
188932 
139983 
26639831 
-1 
128 
22044528 
16758976 
61 
612732 
10717197 
315408 
-11406 
9 
1702311 
44335351 
1044 
1100398904 
40558 
230 
18782 
504077 
23 
6 
762 
40066 
-3 
166 
45263076 
-997784 
-15 
40671 
124103260 
2649 
24 
1 
10 
75911509 
-315043583 
1324919505 
61211807 
1282 
570343 
705699 
8 
55 
-106376596 
167516079 
22 
-6 
167037385 
-3627523 
2548461 
749 
5272974 
69363177 
-1397230 
-895723 
-92047980 
48152261 
3712197 
16037 
-664494 
505 
-4002 
7 
-182971 
982 
32675175 
0 
-11845502 
19 
1270 
265375886 
33 
-10 
153013615 
-25 
-1 
66658 
172 
328880245 
1972878 
67 
13518863 
5 
-113 
102 
0 
72017039 
204527367 
0 
152773920 
2615 
54 
4447 
85780 
211 
106529 
53287320 
19942587 
-1 
33 
1118671 
924 
32015 
-54301 
-695522535 
2 
149 
26 
67751341 
-697880759 
1 
1486391 
-15026277 
-8654148 
-3907 
-27 
4 
-10005 
80037508 
-14 
-2605 
9 
1066896 
5980 
-408628778 
544190 
34860560 
15594672 
653032 
4443656 
519865 
19 
24110 
22546 
27953133 
5 
1 
-238727256 
10261 
-2 
155051 
1123 
-58488885 
103 
65338496 
-1259942 
14392765 
-9 
684971 
139422 
-147 
-1222311 
4110378 
1 
682289159 
1997355 
41249664 
173 
-15 
1023 
-15804 
-165 
-1 
26549228 
668 
27 
0 
3 
137862 
226 
29 
31 
262713499 
-1097784 
1390500993 
22 
-1 
-115376442 
19 
-4280422 
1 
-1 
8796489 
344 
357 
518739549 
174151 
-4001 
161866 
112926 
-1 
1405973393 
-75 
793 
3338 
2445096 
16 
66383613 
-1 
401 
19363727 
-1156782 
1164 
-6588232 
1497 
417 
11 
19441625 
2 
26547434 
933 
476 
5388 
11231 
-721 
20282632 
378853727 
6293 
540684 
129 
-52443 
-19027 
294535573 
-3 
-15239 
-907852 
-15362 
188 
26 
-3935 
4492 
-87975 
-1018876 
6016215 
188 
5621 
-26629 
167898 
-87 
-2384 
47815 
270274 
-1 
683734991 
10266 
15580409 
570906 
401 
22081 
1433134 
532537601 
11743 
796520389 
68047501 
1038484 
-987892078 
-2654 
1056 
82 
-1330697 
5333600 
10997266 
508417091 
344728 
2 
5 
9 
65034 
11935385 
413 
7989717 
1936009 
197417603 
2171919 
2713 
6 
49693943 
-141 
750427129 
14 
-1 
638305555 
564991904 
-4503 
90641332 
11 
38 
7924994 
5018779 
15 
50784024 
302 
-25 
-15031 
84397 
1 
97812422 
221020217 
432725 
118176 
24 
