55642 
1 
4841 
26836 
3764 
1041 
66 
34833985 
15677 
20615 
9887209 
558879905 
621224807 
927358721 
474491543 
1592028 
96150 
11818 
2653360 
39454459 
48549039 
727224148 
4791064 
1 
882555715 
195045114 
1491770 
13018409 
102 
1197131668 
1 
18107 
736409 
3028459 
1 
29015808 
60065 
766970597 
27 
15 
300733 
7459 
24232 
20091 
327109 
1395 
4805 
25419 
15413091 
329252 
30 
4 
1792980 
2232818 
50512 
15 
131353 
788617115 
274048501 
4380 
913489187 
308244521 
389362852 
1811 
27667146 
168 
3634 
398452960 
89414733 
143596084 
1033858655 
183 
592989131 
3734789 
4641926 
31275 
2644250 
162 
746646640 
18899 
164712596 
575919 
195824 
330398 
105 
8 
1458 
25 
1352 
6154 
1347296725 
88 
1110084 
5134939 
55 
5 
19844 
398971949 
155741767 
40498 
24044 
20 
22973174 
92195 
252112050 
54606828 
9 
75962 
7 
481577477 
103 
80 
1491 
564 
5543006 
87538 
296 
114798853 
513 
1469941060 
167420666 
1 
359971 
154 
11881 
1946494 
94 
12544840 
5 
560653460 
28143447 
4 
312293 
13 
16723 
73130 
434 
261 
681955412 
3893 
769236 
477826 
241560 
936 
1 
6282 
1 
4 
1161420709 
6 
345 
9 
1 
996 
44 
400881 
1468897216 
1365258939 
195836 
244838 
10849 
1437935491 
94833513 
3014202 
80662 
172 
3 
335796077 
1430413 
375631 
78557283 
155267 
748 
1 
120074 
276191389 
37 
3009 
77203743 
170 
1 
3852873 
5799056 
1217210 
4815994 
361458 
62889384 
41 
39765186 
45817642 
33 
1 
7873795 
705242 
55 
2234393 
1391826 
89 
126294 
9684 
3537 
1997 
1 
70 
2 
1557 
3533038 
1562404371 
158110 
506620 
27329921 
17 
995368875 
7 
7874635 
122 
1567911 
54 
1256574 
209407 
206889667 
909872206 
27645373 
74 
357436 
1 
31064301 
45258774 
5324275 
21288448 
267 
3607 
11150 
1176 
17 
753459623 
30 
152 
42482 
3062 
532511294 
97 
11490093 
488450 
5 
34249 
47 
9332887 
27916 
2185 
10795 
5915 
419836555 
1218 
402 
664 
5 
1237 
209 
4299571 
706 
585465591 
239 
86816 
350797 
10835 
10222 
136012 
30376 
4283899 
1948008 
10 
284686 
361624891 
1 
2959019 
722768206 
222466550 
2 
31091 
1796 
63266 
23 
17 
2 
1997 
261774166 
60 
6 
28981739 
12371 
7 
683376730 
3504 
322 
2 
1848485 
140707 
71 
1178 
28068643 
142 
139460443 
135001677 
623217 
10866725 
1 
24418 
14039 
1200 
35949 
31 
25 
7729 
27 
9782 
3260 
2 
198855255 
1 
2 
259989 
15 
1 
475 
6624 
2557 
1603 
9 
21 
1166730 
2 
18953 
9587952 
2193518 
76034 
196256 
48199 
54 
5049 
2338 
582475 
21 
136708 
7824 
88199241 
360580373 
2093 
810517 
22671 
6909037 
96319 
33 
28 
1452582762 
11906490 
664334393 
2 
773004 
155766663 
779292 
91792 
1168 
30693 
1 
25915 
86212746 
161907163 
35923873 
1024042 
659843 
310074 
31637452 
36 
16360 
10 
2526 
439 
2189 
188637 
171985 
15 
919 
46 
1 
2 
1 
2 
14627230 
2022 
14384642 
4 
204 
645058344 
58095 
18484 
32 
7047 
1237732 
2 
129 
288964 
784855 
120936800 
415950553 
32 
13 
9 
21038954 
153 
114 
58064593 
2140 
48833120 
154648 
22533592 
67888438 
40235464 
1983 
22155612 
14723 
2755789 
297788 
128869854 
504614931 
54924535 
128 
108418 
624745506 
3067 
7808427 
1941161 
30777655 
13499067 
2482230 
755583876 
1339 
1191169 
213 
15 
33443 
256659 
2 
19481976 
367 
141653 
2 
264755 
7446328 
138703 
10637 
150059 
1706 
2995586 
303098 
20826 
15481974 
34 
1103368 
226441 
333 
58457400 
1071 
7820 
17451 
1496529837 
31428 
2367628 
53 
8720 
381 
10969327 
1 
42982 
186 
79 
1341105 
1114123659 
10011 
12025 
9370 
125 
385192 
535163 
2782763 
22 
11 
738608 
994 
53522926 
8300 
12 
2 
948069 
188 
576417 
3 
71320 
3099 
6986094 
86764171 
6738361 
71 
353403 
240439 
326829 
22376971 
7 
56269 
994 
304531496 
326 
788881472 
169012274 
175122 
162 
2 
242 
4 
270711975 
5 
58775835 
16090095 
147 
280105872 
45 
43008 
21249 
322009 
886617 
90 
1958058 
2210802 
2 
9 
75 
64 
164124 
6 
1256385596 
19252196 
367740186 
1341 
539 
5676749 
296591 
24452018 
12559798 
850 
741 
20295 
280 
4 
4667 
166737 
5245 
344 
1020 
68 
2073084 
8654 
108 
3817514 
7780 
22729406 
9 
4566 
116 
39057503 
481 
2225 
12648361 
81 
9 
273878651 
1 
59 
15804 
531 
54218870 
2724 
11 
31 
4075396 
17 
13101850 
35 
1303389 
1473492880 
79 
114751384 
62548 
821536132 
46075927 
91258369 
1668709 
1 
2488 
34 
1 
508 
15 
1988 
1 
371100343 
489145836 
193462824 
138033073 
370633 
21444 
4 
4653329 
41313155 
1262 
409 
132991571 
5403611 
117958178 
39 
304 
1 
20 
697151 
930366 
4295362 
1304610 
2413 
17 
3 
3320897 
248 
10 
82181529 
173620 
2926378 
87895 
150 
724285634 
46698 
461734558 
4309886 
1 
72 
2337349 
24655 
3954769 
45943898 
1102307 
1980734 
1 
645 
66150 
442730573 
389976 
701860 
375 
288920782 
118 
328 
1290490 
8 
149510 
2 
78 
1452 
1426 
2337759 
767567636 
3530 
40 
91 
1 
57016 
66 
672600 
129 
25146 
5 
4 
1490 
7601108 
132 
10606 
1381515111 
105 
1216964 
10 
942212001 
1953 
5468447 
30869714 
511376 
97857 
381511009 
1001295 
23 
7487028 
2617783 
21284591 
7342 
183 
127334 
3091 
2 
181572 
5646 
957 
18 
31223 
112744 
21587 
31 
63837668 
33742345 
2979 
17 
2821104 
524306577 
2 
167776 
4 
1638 
8821218 
270 
1117 
5 
1798 
5178 
76508 
1 
1004095385 
2220 
757381451 
579 
667418626 
95318 
126714 
311862 
4843 
176002981 
23986490 
344578 
3813 
15985379 
3000 
768897 
72 
483944403 
19380 
5929834 
175 
64248436 
55 
351 
239458926 
49 
1396034 
349428262 
26114133 
174584131 
2384041 
163260 
1 
10979 
125337194 
2 
1621 
149974 
1533 
1056903 
2 
243 
584 
6347 
10 
92167482 
7 
32 
30280 
16 
97320227 
25991243 
5730 
75634403 
1480 
570 
2328 
346563859 
99545923 
397736 
8 
1 
4 
50 
2637 
20 
52 
2083626 
45 
28 
374990 
2 
465472 
87029 
1 
6686665 
3702 
1 
18409812 
1712 
309760 
6510 
42149 
485446402 
376583921 
592 
18368341 
3871 
18996 
12 
199919454 
3 
107 
41 
9837 
84 
1960449 
127 
41934 
16164913 
31457 
10 
1 
2107285 
17 
168513 
166 
1247 
22996 
113068 
10235072 
20 
154773133 
4577 
176353 
8196 
184498 
1326258 
3458 
103 
10741982 
5 
34 
2 
2 
155791 
16730 
17 
37 
2976160 
67 
538 
7540382 
19918162 
11 
73521 
2 
183685842 
27382 
9991841 
354 
23429 
52866 
16817 
27916 
525558307 
3714 
12864 
1244005375 
65181226 
89482 
114931 
733574 
246246384 
88192993 
48341426 
7950 
8806 
503194 
46 
11791 
1029821 
555900294 
156 
51 
62 
581145288 
10692270 
96331 
7162819 
106801 
152243 
20745790 
1 
6201618 
1003618231 
2506 
937 
311044963 
188599 
67797 
48483 
19 
3717554 
17422 
8 
210760 
554059168 
1 
2976788 
1242793960 
48130851 
5539 
124022789 
238039982 
40 
595 
1 
74 
3621209 
400 
138444 
6533026 
1435 
184414235 
375 
943944 
386546 
59064 
1 
177821258 
9799 
1069177534 
688 
85171 
54 
143 
29745684 
4 
12202 
29 
145234 
67608 
5458 
502 
18 
81178285 
1 
93966 
2373678 
44910 
2 
75 
44 
8509 
85913202 
97528019 
2 
1 
226317025 
330 
6 
135921522 
548625 
20805681 
3373 
27986 
51747 
512568741 
117111 
10 
2550068 
91893 
74 
46658 
20426 
154 
56492449 
758052883 
88 
129645 
1801098 
165 
11824633 
18870 
337868091 
73 
16456749 
41148 
898 
49 
39326664 
9408 
44224 
45 
13586810 
21 
3320 
2050999 
67884353 
5073541 
86 
22 
77713003 
281316 
158094897 
47063772 
11744 
28090372 
4 
5883 
476 
328 
2098857 
13326 
558913 
1042502721 
110 
6 
82 
302143 
62160 
1425855 
35127 
21 
384213169 
4976436 
48132481 
59703 
403384 
129865 
41 
1 
5347 
111069 
55680620 
187632 
1173 
275471 
2695 
1505 
62 
677107215 
43677708 
148 
203787 
177532702 
17695 
10457528 
47053286 
2 
23 
858320814 
141323 
1559040 
6955 
58 
30 
573762936 
291169 
2067290 
776019 
621118767 
27868658 
2 
81000 
83880353 
1439 
1746590 
9 
2739 
19 
146 
3996468 
105133 
54423 
23 
51341 
2326 
178993321 
18 
535702 
4 
6 
82736 
37 
239 
5757 
933 
583682470 
1059997 
87853886 
10017770 
64727088 
251121308 
8 
10255 
11 
238443 
3 
70670 
90331 
5298 
306 
183 
16940 
121691971 
656536028 
292903405 
5 
313407 
12054 
3 
20442 
1 
574435 
4 
240319 
314783844 
4216632 
2660 
15677 
1230944 
2606100 
134391 
6108106 
881666 
3293155 
481884 
2471 
17 
1635834 
181913 
1409984954 
3 
10043 
32291727 
23 
6498 
3978249 
283227 
5355978 
6375049 
10473614 
4 
1515 
146274 
106865669 
39120346 
19147 
83924432 
497 
4102 
520521073 
173 
3 
1307 
385 
1 
1671 
8530588 
66 
175106035 
1 
14163 
1798401 
45500521 
765 
3 
5 
10531850 
2587 
80 
561912702 
529 
12105047 
237961 
666845 
18886139 
4890 
19642206 
4842 
23081101 
527361 
488737175 
6664738 
107492950 
45925678 
89 
10 
272872695 
5 
3405 
361547858 
21 
43696 
12397917 
4781 
99047697 
5602 
61930263 
57993779 
37 
3789731 
25096 
5398 
6949 
2929 
2734 
44876 
1 
1365748 
104 
18217268 
437055 
25679276 
38 
5062764 
518 
1686 
49110 
662 
21 
178453233 
671204 
14059424 
383 
11 
61556 
751290589 
11868 
4 
25311318 
3325 
50549015 
1274937 
13 
4664 
36073659 
68 
1343447 
561914 
770878086 
1087 
17 
288 
5 
24269173 
47 
23 
44127552 
943 
43 
29221608 
556 
71632130 
205167 
21 
7309968 
7 
3565196 
1000 
1001356 
1 
57 
135 
7322594 
37906481 
25 
383 
36 
11396884 
1 
52232 
3926 
571075222 
614 
177880 
10 
92894891 
183090088 
13569 
45290809 
1 
542013806 
448 
39 
17 
70056432 
38441494 
16 
27 
371459 
39488 
3 
708146820 
25390886 
192060924 
572267 
22531 
14302441 
770747 
187949 
1163993 
24559436 
10039 
78 
3012 
2210552 
2 
56482 
730 
39190663 
3 
40 
499 
7 
66251435 
900681504 
1538736 
18 
44044 
116280311 
447580843 
9 
18 
1 
975044 
116320620 
515386 
69012 
97563 
462272135 
5 
36529486 
722833667 
26868 
894163927 
29 
4600373 
2410 
5348485 
100 
221364 
15733841 
1186374 
1053 
928 
27 
2376 
123807 
1 
6660641 
2562 
3014726 
142222503 
977 
469 
3058029 
48597950 
124 
2 
4732 
15 
19111 
438655 
23764869 
19 
2 
876143 
2906 
589796 
2487 
18 
24907 
4 
3490 
460263 
462545922 
2967230 
1089 
108891995 
493 
393954352 
586 
1534585 
400545 
9654303 
1 
7027 
709516 
20 
5688 
138724120 
1 
228 
1153 
182821 
8 
161151 
8211 
593 
585162 
2570946 
374411 
69675 
258178688 
1 
17581425 
2 
171 
183720396 
233 
76 
19320 
2221 
32081 
5381409 
12353325 
41801 
1309280 
40264824 
12 
22 
26086038 
2808155 
18 
5 
364523868 
2523 
691907101 
33640571 
173549392 
5 
118835305 
1 
3 
548 
68011865 
14 
30466339 
864261 
1 
1 
1487941 
225371 
5 
2432 
22725405 
925 
523750 
662292366 
5 
5465 
9944 
427610 
2910 
272567 
5645607 
12419138 
2 
11223912 
181 
19439 
146 
22 
11324649 
331497 
13 
43089201 
222377 
787 
5228829 
10203 
123999927 
282 
404510 
3978480 
11435 
1 
1728 
2678194 
214 
775538 
8680 
458173 
79198292 
1010841371 
28910506 
7 
9 
28 
70 
64062454 
3530 
71 
1 
12193 
94851 
61907 
6987818 
378 
4420 
1 
378 
678762 
4 
457 
1312940 
139082 
561980556 
13 
4 
244837 
2032967 
437 
83788196 
2909340 
51 
33 
464328761 
8 
44096048 
271 
1828 
20513 
64 
293959727 
9868 
129449 
879583 
100346 
1 
113315577 
3 
4004 
8 
73659469 
7993851 
457902 
363079075 
914 
12697727 
12061 
3302 
1 
89112 
233 
39059671 
85157 
454 
75 
1064496 
5786 
17348633 
5319439 
193719503 
15785913 
17365 
957035540 
99660 
409800 
3741 
90688 
10 
39 
89167298 
6 
24239 
18 
3375 
763 
82 
78145 
552930 
40021613 
279857 
17168 
191 
93050020 
8 
12112033 
987137 
12472 
20969163 
10808 
2 
2269702 
832134 
2830 
3 
371475082 
137784680 
3181089 
383944 
1309 
53921 
112 
3 
84747 
80 
29726 
3191 
679745 
1140059 
769524856 
94 
25 
19 
33 
920379072 
1495 
33398150 
16581 
1 
5181 
1 
266752162 
185925 
230630602 
314644 
180635 
1863 
3345658 
19217 
4824634 
1598 
2 
169526 
977475984 
21001821 
571 
9 
15272 
1 
928945 
1 
5 
19962889 
301 
85 
209201 
44468437 
330733 
35 
9 
1407 
23 
620631 
11086246 
86976 
7793 
670 
3668 
9777156 
663 
28457525 
6053 
77 
350301 
5 
74011281 
1 
23 
1120 
25753272 
91021745 
1370135751 
6 
1083995496 
201312085 
2 
43078 
13 
414552838 
2397166 
2399 
83 
829556 
82748968 
2103 
5500684 
89 
3100655 
627 
4 
3477 
7 
869812 
57708 
13790 
782 
15023105 
72590401 
237 
18252560 
422765 
46696175 
15651 
4864 
20722 
1077 
162041598 
27 
1 
3888 
5360534 
230 
48671 
706811 
59673 
34 
1 
587 
10479277 
228235100 
16118086 
74355 
8899 
64 
10475 
5915764 
30 
36 
5 
210 
1246562113 
3743 
76509565 
1 
62 
553 
23 
10325250 
11 
1 
277 
1686 
83 
154984 
125 
757 
145245 
7430094 
1 
7 
309 
1973283 
2542792 
26645 
513 
2682243 
210081 
401 
4 
8 
757944641 
5022705 
1240 
2749 
5 
414 
176490053 
6170 
1 
7303 
6944 
18 
4 
246938 
389 
756 
291867560 
387480 
1042444 
274714 
1708 
26 
11350782 
22475117 
38258116 
38 
121280233 
864 
75705230 
18 
192823 
717 
5 
258175144 
537295 
699 
14375659 
54895 
14906285 
2777 
27 
39 
25679 
158746889 
20170 
2 
29 
300094 
1184009 
642905 
151653363 
2 
44 
3380 
110568041 
56286356 
137389 
88066 
21 
417283888 
39368918 
389137 
486618599 
135460785 
45471 
22485 
5 
10085 
5277 
2196498 
146 
245257793 
25397 
33368285 
382001 
147 
679615284 
449622802 
1269849256 
52 
1478514 
33281 
278223385 
63 
190 
910235700 
189171 
329314303 
5 
1217 
151 
12912888 
150684211 
26567 
6283 
282457157 
82 
19352 
44 
1741 
35781 
1 
1311577 
3 
172379 
10 
756 
3 
731362686 
21703837 
298113 
43 
106 
1 
42332 
21765 
340235 
45302 
804695844 
1665407 
3 
79 
22 
1100963 
1 
42122691 
24987527 
14277199 
1435 
11764024 
654224 
7153061 
80989470 
331607 
79 
12313161 
87296981 
45459685 
12643 
49250368 
10474120 
9569775 
553636 
1076795738 
413092391 
39698393 
343 
71234 
1462997244 
846965077 
83379479 
18333242 
5541 
39 
22 
1422851 
37908 
365569 
39348 
2942 
12588181 
1 
36247294 
336889959 
2 
418967 
1328 
298 
6034250 
23762 
828 
8 
5639 
474892 
354816 
82506 
57 
321926288 
132311 
762693 
16 
87 
49 
78307648 
1 
72152 
865245 
43 
8784 
9150 
1038 
12363486 
188 
1563 
3165 
122523 
36 
96192 
1 
12 
1 
3943 
16113794 
519 
258 
262431 
288515532 
9 
368936 
17425077 
2104740 
1577998 
246379 
2 
2146 
17269 
664077186 
633 
515479502 
2950036 
6232 
235292366 
112284 
1 
5650 
70181661 
88441 
19524 
5386 
61712 
3596 
3558673 
5137271 
532 
3829 
4068 
404482973 
2464 
44 
62542445 
3328337 
1487 
3023 
694711475 
55071 
839744 
3 
34309 
365484 
1 
172 
5543516 
14 
87 
19437 
2684 
1436134 
6209 
30 
141 
27 
1161236 
986871 
56948 
673778 
1 
10907 
431 
13137048 
2811 
869196455 
780 
97502883 
40063 
23201414 
16490965 
69175590 
81010 
990098 
1217881 
2233664 
806 
35758 
28491932 
73 
463443568 
4 
128558272 
2 
436233 
10041740 
217 
1019913529 
533 
74470 
1133 
393446 
157666085 
2175 
1040426451 
1314941197 
740922 
5 
735561 
4691 
67 
701071 
3 
15491 
681181 
1 
12491617 
660 
2018001 
29251 
1 
10828875 
235978 
52 
152696 
45741 
30933 
1833809 
17164531 
670 
94525695 
2510599 
34329569 
875790 
9 
628335844 
2 
111041 
1335 
119037390 
6275895 
3037 
162 
46878 
2057892 
22 
3005 
2 
195723229 
4082769 
285711 
4589154 
93183 
156 
36 
2 
19289 
12831 
11718036 
174483 
2489763 
18349 
286 
13986 
185850247 
48421138 
1086938 
4635 
9399798 
447820884 
111034984 
1061721 
41517 
1007 
3 
18572 
8226 
15 
1540389859 
177387 
5 
259071 
168122 
221121 
10768818 
1073950 
6 
561938540 
12 
237845 
19985217 
2024559 
53 
2362 
70710840 
80763613 
1449 
3088053 
286500 
514455 
172185 
2719 
17 
670 
1687 
434384 
24427972 
39695871 
1124 
88913795 
17296 
11450432 
76139102 
4125 
2092806 
98201805 
3518 
106234617 
21721 
1 
8824297 
1 
27841 
97685 
106099 
1256465369 
145951942 
1196 
2778569 
39847110 
182780 
94732818 
65262482 
14032341 
87 
48 
1666013 
76896 
334144 
23 
1 
52999843 
13244983 
168072730 
31272362 
4222634 
1 
4437 
99301 
1 
10 
35 
46 
2 
94353336 
114 
119936 
20706 
1 
42466121 
7347263 
53547 
21591442 
20985 
5667 
23464410 
389 
93 
91269 
35064 
88445019 
37 
10609 
1791 
22177 
8848610 
2 
24136 
1 
4 
1952 
9014 
12 
2 
361 
389202 
4871 
11576 
1905 
242 
524109748 
376187994 
1933948 
262847538 
22908286 
1 
12913 
1023481 
226428034 
3078334 
2370891 
1416126 
5208 
16978 
2350839 
551 
2566979 
714927 
9536045 
42029 
39 
154 
3396 
4 
3490 
1 
162378159 
3019 
188 
110359683 
2533056 
357791 
13212 
1332 
80525410 
383192206 
79422 
48238404 
94273 
4408665 
9214351 
277702 
18473453 
1738 
2346133 
12485 
860674 
169679 
1 
199425 
698459476 
286 
7659 
221 
39 
256 
11962 
250 
295 
70196 
189728033 
393 
2 
44 
8234 
6 
3961554 
511 
506 
35631161 
45094 
182679639 
95881 
1 
11 
4 
1144 
33908 
193521520 
11546929 
354 
1336093 
338507 
182410 
4911234 
96344 
115 
1 
402004 
317996869 
8 
21869110 
67213 
5964 
2941758 
237 
42600779 
688686218 
192218 
54871837 
53306 
2 
23307364 
104969 
17034764 
21059133 
632479669 
12764 
132 
25968452 
77375 
66 
317 
11 
10 
3 
21851776 
11488546 
181300968 
676 
1 
729722 
5012937 
3 
23273 
939 
363 
11 
2712420 
888372 
48 
8824 
26604 
7358852 
3501252 
25448 
42 
208 
1457 
116113 
52 
44 
24173 
2555 
1289 
405925078 
49 
437482 
72865325 
22288 
7 
23186 
5034 
5264228 
164927573 
657 
171 
1487 
1 
425148061 
661 
2 
235639736 
72044490 
1 
4296 
379 
12500 
540 
341284 
8 
9413575 
4820174 
12593 
658540 
40113649 
842967183 
28450 
472883853 
747 
65515344 
5860 
7530868 
382 
759 
1896304 
394133151 
16756 
9317183 
1170 
24077524 
12996 
1 
1103860 
174152798 
1 
176 
16 
66242 
13109133 
1 
109374 
154717 
2267 
484349 
1309 
1 
2910189 
11555332 
1582 
82801492 
40994925 
18013 
2019102 
47 
1330570 
433160 
723 
19785313 
14179 
100338 
620272 
3135005 
2 
123779574 
1017130 
9800 
1 
696145 
65 
181616 
22 
5898943 
18887 
4114 
253577540 
988276256 
36 
4351218 
378 
14852156 
10296 
5682 
226036 
1019351 
6495984 
24071824 
274499464 
175221 
63 
1112 
40 
304077277 
231923 
506117700 
102 
372457532 
5845870 
157899806 
7107 
64385382 
3442 
17757 
40 
201 
63 
23791108 
110 
1970055 
17003 
5562066 
134 
120993457 
557354 
126 
21338 
1 
17065613 
2001 
159174 
74716869 
20098933 
7111 
33 
162 
1 
318 
9156815 
1845336 
49708747 
4119 
8 
64454912 
188098 
129637 
3 
32788567 
38901 
16 
6410556 
1011 
32 
74630 
18177884 
10 
17192 
752702 
173 
5 
20558546 
150 
148 
230958 
7762 
844 
8171739 
101899 
9 
653 
264939399 
9072237 
373307 
48 
2 
62 
9127200 
1843037 
1231359 
129 
1 
187 
2770669 
10 
10609 
1 
37715 
23449199 
8 
4758468 
46 
8 
1 
4 
9 
2 
68942 
3800595 
901575851 
1 
2 
46 
2603538 
6416 
9890 
2985 
90496128 
460394571 
39548 
5161 
313400 
1228383 
84 
30 
712117262 
477681480 
20654 
3575 
461389 
432 
7 
1061755812 
19 
537 
273398237 
163764 
837030 
600 
992817170 
6552 
96708 
10968171 
39 
8 
10899 
6263513 
35 
181 
479553931 
19750798 
8957 
1100 
1 
55 
87848 
1 
750 
65 
1979 
24 
363 
43530567 
14664 
2891 
1812952 
147607425 
5 
195400 
46265 
349 
177815765 
1 
23457 
166673179 
362537 
2 
3073433 
1585812 
2114088 
1080 
1606968 
1 
1342 
110 
8713 
77785568 
1 
262817766 
2160 
9992 
2992 
1 
897728 
21210 
4628 
2369844 
28397 
10 
3106652 
8148420 
370822 
52061604 
221 
179886 
2723151 
551161364 
4 
2 
36787663 
1924411 
3811 
62302 
18059 
478109264 
2500 
22312 
319 
811 
7382 
2 
1085 
53 
1 
13331031 
392921396 
78163 
80 
564 
13604 
1027955810 
81 
7 
80 
2054 
182249 
25503 
154314666 
28812 
12627886 
35757 
366 
37 
1462619 
91 
175778 
229359529 
1326 
1423956018 
8656235 
1195 
3595 
99561 
1 
1 
331 
238542007 
180641364 
23 
709 
73273 
6016609 
90 
38 
2 
743575 
74978 
331929 
152287468 
708149 
14057744 
262 
304 
273654147 
11 
508973876 
481318926 
10956 
40674 
613702 
99353684 
125657815 
3 
107895 
95421 
7 
11 
514 
690 
149629 
231901533 
43 
105281032 
1 
87489350 
54 
19 
697424554 
381667458 
7617 
11 
3 
15 
3397314 
1571951 
16808803 
21518972 
311859315 
133746882 
1034919 
37584394 
773689 
22 
23370 
2 
83 
2157 
77039 
28736 
37562581 
47 
90 
159 
15134230 
540509682 
897784247 
37704 
1306710 
2 
35 
6229604 
15854669 
222314 
93422 
16 
313 
5288202 
79079 
6143 
1 
792211 
150175581 
2253 
18 
606750223 
246 
2 
2721 
116368908 
1 
467121 
112 
313 
72 
2 
21 
786692 
1460 
5920430 
2422581 
680584 
2465 
1529 
659348 
597 
100913236 
14 
2251833 
10003 
14193 
39556 
11157622 
21590420 
161679 
110048 
798938095 
552649 
3 
38510 
56 
696392 
404446807 
109 
11 
84 
46449 
103 
3 
2902 
182487 
91994 
90 
18118616 
1 
23746047 
10091480 
37 
8 
6 
184959 
185 
7939713 
3 
1 
159239 
4433 
11 
775 
1 
35017 
9744 
4 
193843677 
396061610 
35644 
30 
776303218 
969 
4822948 
1091 
201 
2 
93603 
30772 
509286 
8614 
1539569 
17262608 
3113289 
619998448 
44609187 
2 
18440 
1695 
366 
60 
362962379 
5971608 
306044 
3054 
43 
131493583 
77 
4583570 
190 
1 
132266424 
2814568 
149272 
1 
73 
1 
182884209 
19226589 
13439 
470 
108 
574322225 
246 
27802 
734 
36191 
22 
371580802 
237 
7 
122665 
291670883 
8371 
108650 
74650 
239623 
60230390 
91218 
8992345 
8 
1437 
2362 
11686867 
22793304 
1502824886 
201310 
1 
241198820 
3143150 
1 
612 
13028 
20416338 
228463598 
1964468 
29627 
18504506 
1093 
4168 
11859 
197636932 
1423890 
1449069 
22667 
99982 
108685268 
68 
10300099 
30312781 
6 
166 
1723120 
226452 
2 
16683 
13896328 
39345 
8965 
32 
4520005 
395730500 
658 
1105860 
38613 
43207941 
208823 
2155 
2226 
1543 
52 
34874623 
75075 
1155739 
21 
10851 
13532 
189448 
51496492 
1981962 
10867582 
9411 
33663328 
107627 
8977 
2811703 
1019 
450 
2292 
41531 
201241906 
37726 
19032 
846 
201718787 
1384 
37345 
91 
21409 
100625012 
2204 
99 
2 
190656861 
729231 
482346 
2596461 
404534 
886409 
4773 
197063790 
133 
110493521 
3 
6069340 
9 
937248 
3800978 
26 
43573 
1091 
445167794 
1294 
30304721 
29 
4309 
298627 
68872228 
320 
6732915 
212008929 
387466 
385238 
98 
15 
251387216 
1420008003 
17940 
2756 
664237 
57796 
9898655 
109186 
5265354 
86046 
292082216 
1255741 
1 
315909785 
16528 
196939864 
773069664 
2222 
1593064 
7 
151387 
22 
1 
193361 
17 
2309 
1 
11131 
47 
37 
147 
35 
46001 
13542 
31 
1888 
2412 
1959 
1507441 
85 
52093657 
4 
4716179 
4 
3141331 
23616685 
1234039 
18647 
71 
5 
444666 
97457450 
36908 
63 
1 
59 
486 
23650161 
520109857 
10697 
8 
18615 
42188621 
2978263 
2524 
2 
1127499 
404246420 
79539 
477288359 
454099964 
995661119 
691931554 
87 
952135190 
100 
1 
9993 
19 
1466583 
5343202 
217614 
41 
84957199 
105394 
864 
120990718 
644 
605506 
40116 
303208525 
165 
196674 
3 
157 
2175454 
1 
82770 
731892 
2970 
115157722 
89237643 
1 
195358 
228448 
324177 
95 
946344 
176132555 
780101423 
1 
25 
679 
14700424 
513 
1538564321 
560078125 
2 
1 
15633146 
234260717 
5425 
2844 
428 
1681 
102 
88247437 
696 
2617298 
5373 
31436631 
976 
6 
360 
28 
1245 
33432656 
211 
15 
6469 
628566 
11898 
368680 
36 
1015399002 
246833132 
1 
23 
1 
4852551 
16159 
42424 
7109 
360494444 
3 
60 
58576 
2913889 
915 
46014252 
11 
383933443 
26520 
138411131 
435216203 
8781703 
2 
78372 
18316 
5 
33400 
1320 
871620 
37841538 
8324 
794226718 
138758 
457 
47 
21 
76661 
189 
8 
30 
39 
362377830 
318741548 
942 
775 
1178842557 
1265607626 
684777242 
5 
3 
23544 
398257180 
24277 
2 
26912 
344168480 
1081 
2629399 
756 
277 
134512 
143 
255884 
2 
23 
12762534 
157729117 
321525644 
48 
1 
3355016 
2048 
4589 
2340523 
1499713267 
20832 
829129678 
9 
1 
3 
1258 
1950413 
44336197 
23866425 
264611950 
1254041 
108 
196823 
12195720 
1327918 
10783 
181774 
8 
20193831 
2 
35764532 
325569 
261073150 
2 
5842 
1023 
21314 
9 
14397080 
27749060 
9207 
23390 
2201 
378 
6741 
213 
1044 
495698 
560272 
1139 
2898 
36810 
2019 
10 
7405 
368 
6 
1535457 
9018234 
86746187 
116 
32695924 
7 
4 
2534 
41134 
321250366 
34817870 
1 
367669 
33798229 
2985 
13 
22 
29158 
773734721 
1012 
1 
2 
646 
458 
418 
25 
6174 
3398080 
5 
2 
129 
778145 
139381 
5 
5272038 
24 
76888 
2569151 
177229913 
399003259 
3 
1315 
3 
24164775 
145187 
8742 
37 
7 
1237835792 
6284 
160339 
24738 
106 
6 
914 
22977814 
1467 
178093863 
2479034 
4383628 
3721 
3648 
1277 
123307 
208901 
181 
3818539 
3 
175489088 
114408 
2554 
1178 
1110 
1 
43667 
812168 
228883653 
18180 
1360435993 
4 
23717 
17786 
2 
7862 
326710334 
6 
2243 
124727 
139 
6 
507554 
30443203 
310 
18 
855246029 
90778 
5325 
195637150 
3340178 
12631 
15446785 
5401306 
781410 
116 
2142832 
115 
1 
5 
37 
6 
1074492288 
1 
10853 
8 
9 
10 
46228 
312873 
305094121 
13925502 
3657 
45983 
4979952 
81064 
75 
20 
77968903 
252 
351575086 
6091 
8 
24 
493 
2 
17703 
761423 
39 
5075 
1502 
144188245 
10385 
1 
1 
45903 
301876978 
17338907 
641943 
2525617 
68 
4 
155642 
23188 
10130037 
30 
30459245 
7606 
35740 
22 
78993 
3336 
206816 
1 
1 
22399 
251 
1 
2385044 
25492 
14262 
19888 
4 
526309 
697210110 
40869373 
83470 
1251246640 
53920 
9441 
6776931 
5 
4 
1968 
190 
75 
661559431 
21 
17797970 
5 
116588667 
4 
1 
11 
5466 
16866 
15042809 
745284 
24356310 
2 
344 
23548725 
2381686 
2 
286 
398262 
1 
68294 
1 
16687 
1695 
623 
10 
606577085 
1 
45042865 
137079 
247675061 
420 
1299548579 
95486 
189572221 
10356046 
20096 
276872263 
24837 
2 
5 
4002989 
2434281 
99009 
399 
189332 
39155400 
426 
241371745 
599012 
22158 
2392392 
62143 
147 
32 
444256 
105 
3 
23 
102 
10833808 
38623 
12131013 
23194 
362492396 
1957705 
850952 
1101720 
698183 
171808041 
152213 
363 
2857244 
48674365 
2 
6 
65579 
8397 
46032135 
348 
12349 
3675 
651914 
15938296 
807 
150 
6376922 
10 
2 
79 
4894 
63437967 
875717 
41009 
1040 
236559 
2760509 
166361729 
4468407 
82 
10855 
220 
134349365 
2100961 
559824565 
18074138 
718474 
1159695 
1620 
47 
75669808 
291260255 
6 
2778 
2489 
20223 
4184 
89622665 
38973429 
41390023 
1072 
225246156 
7947 
82679925 
914 
59742704 
1897769 
376986093 
142515 
78325111 
22463286 
1681 
1 
43063414 
1016841 
10 
2 
206 
191914270 
2777324 
1 
25 
11601 
398 
3 
5583 
8849 
3 
15798 
547 
10381594 
2 
88145 
17 
86620 
233 
15976 
251827517 
1205245 
1 
1553161072 
15997 
76 
539 
3571208 
277645 
3536768 
1454255 
2348724 
12 
2600 
11287 
4993 
1138 
107 
16 
19369600 
351540712 
728 
29123 
75 
14571688 
1237 
543072492 
852 
34341 
33823724 
9551143 
379076 
78 
803305086 
11035060 
265118 
540221 
67512905 
6 
24847325 
266731284 
1 
1 
41446 
691 
18452 
8913 
5196 
20709711 
53804 
2890595 
1 
2800 
10 
1887 
23332340 
11229173 
14777290 
5501 
56118 
2602 
56 
13 
25 
7752068 
26910 
272442391 
3323 
1 
269301847 
398930776 
2 
785610 
5749681 
916358769 
27 
126005411 
323721897 
952 
10383 
670620 
132458 
12630729 
489110440 
1277 
178351870 
949742053 
88 
76563808 
700275023 
3580 
1170 
332971 
299 
25494271 
115 
452435163 
299423 
7184626 
385716650 
138 
2 
2770159 
664295 
2647 
229805 
2410255 
2170 
249665365 
1029869 
281 
4422 
1 
36 
1637302 
199 
15577934 
24489 
14053 
6346 
296370 
814 
18120440 
365615945 
987 
29291059 
262526612 
6 
7 
80246 
11842 
6034 
527 
30 
329 
53748201 
15846 
678190873 
289409859 
22679090 
428909194 
86509716 
371973246 
1 
217 
353535 
3822309 
9577 
1109653 
1374261 
922 
258779 
860638 
621 
165356394 
9 
1001 
30 
15879350 
620797922 
35 
1563510 
288653256 
223 
21812 
484560516 
299449272 
544771 
11 
3983443 
178932447 
4 
1 
5 
16 
7429851 
63 
341130 
2 
13459334 
1977 
2 
16813 
9409 
38602 
1406 
343149510 
282450 
1761245 
3 
639384 
256 
117 
234041 
910170840 
1543 
42234447 
10572 
441243406 
6122 
349 
19894070 
9031424 
36755918 
22338718 
1 
100916473 
4 
1 
60 
99 
9374 
1 
1013 
27 
4 
3684292 
109196935 
10 
4 
17253 
431446267 
18 
364910 
4 
2 
73262 
411 
111451430 
111866 
319 
6 
182920 
100996908 
145491 
97148858 
122448677 
3715 
555 
169 
8 
43 
1074311 
1230 
215 
3029424 
311279 
1027 
5085 
9 
6094 
71623977 
589227380 
1464750246 
39672 
707 
86584 
146652411 
1246 
5080546 
7 
24981829 
12285802 
718191737 
78594 
2 
11207744 
305826263 
47 
8266 
2292213 
623894 
888 
131273934 
24330103 
2023015 
1 
17598538 
1 
32211 
9 
1 
7076 
8224 
11772908 
1649 
4430370 
197534 
2219878 
10 
437336207 
2085178 
29804 
88 
891 
358181 
3113426 
118 
2 
7 
645 
65587942 
21791762 
41458650 
48375 
4064977 
28571 
224684 
38060438 
265813 
6955 
357783 
1325 
247355 
1210 
612 
175793 
22185 
1306 
22081549 
137 
2446 
117743 
10 
112177621 
111770515 
62713 
2501 
2553754 
2 
25268 
29231 
96 
854 
42730027 
252342436 
84626 
3739179 
623 
289825 
68587 
8 
356893208 
77112 
1346400709 
21 
758 
102 
771282 
3465 
2534203 
171852 
1478271624 
585572702 
1007507120 
179614 
1225054 
64435 
3 
95 
167577411 
12135 
22 
898699 
168 
5007 
1249792 
9251596 
11863922 
1 
4599790 
5 
19967704 
214515 
1 
3823 
606800755 
11011948 
18295591 
27698 
3 
48 
930 
158056545 
4741951 
4 
135 
811036539 
536411454 
1484757 
19 
123 
3006 
146678 
10021478 
11775 
304 
167757 
14 
58 
2421923 
251276 
20467665 
139588600 
88908949 
1 
3 
47048532 
340 
8553 
155949 
293 
1 
992375601 
92416989 
163074616 
40439943 
10317726 
45872486 
178 
175203 
597 
216 
313 
3565188 
1 
27070318 
90468203 
59107 
1 
1314 
3053 
136895337 
395291342 
933092729 
12874513 
11754784 
58578826 
21108 
4 
1636 
2 
2 
78031 
92 
1657 
49545 
1144 
718290836 
1 
14 
89674728 
2133869 
9 
5009402 
1221373093 
205 
13656 
386 
21169 
556290398 
953951310 
1 
160263404 
2366 
20 
909 
49094774 
32436 
1150 
76 
1 
26120327 
9514554 
5473702 
553941 
153044 
13633028 
578920593 
301 
11 
6431213 
10 
7461 
215334 
12 
21541 
395089987 
1257 
20932873 
476331 
5634 
4770 
94462393 
710295143 
750343 
439925 
13271948 
179 
295 
23424 
8974154 
27211 
35 
1001410988 
2398562 
57559171 
25825 
25 
2677 
5507 
333 
53520934 
49189 
12308620 
15298236 
29 
603757132 
25 
6223294 
5758353 
7670 
1525 
464888 
383224618 
37479448 
873067 
302 
483044 
29546 
20991336 
429887 
20291013 
74509195 
764281249 
4 
3 
515363 
8981546 
4515006 
2369 
352242243 
278045 
1 
23082806 
3375146 
949 
9635 
15 
87924 
26407 
630 
335377 
326502543 
5070695 
1140763 
42024 
46322 
398513205 
1024596 
5680 
4480830 
279975 
99 
68665971 
6 
12204 
2072712 
504058169 
86 
1015 
32678 
803580783 
548461 
52288 
1048619 
158923747 
357300 
40 
5514783 
269 
327653518 
67 
109 
51814 
884 
988 
976704348 
136 
10779323 
20 
5 
129236236 
2084603 
96613650 
674583 
4022065 
324173 
104411 
508 
1158 
1917602 
4826552 
43823773 
1 
27130032 
1887415 
292008319 
638 
5 
1 
73335 
22 
1346 
12094 
2770983 
96609 
12564356 
38 
94 
1106 
1 
22 
45037290 
1 
11 
1300126 
129114 
1281453 
12630198 
44305 
187 
7277467 
132294518 
334140 
1167 
6807 
29866191 
1143458 
9 
26767 
11 
75686 
411 
2569 
2 
126008 
5 
209436 
3407 
69 
54 
13 
5237871 
329202 
114204612 
6031 
179141835 
3307 
593660826 
77350279 
1 
429587848 
66502461 
20205 
1 
1198127201 
2295 
197 
71291932 
462 
750288 
881306 
680 
48340 
12335927 
914652711 
47010202 
886 
80 
3430 
3 
661692 
724978 
1 
72 
102148131 
40224257 
5 
173983582 
142 
3 
60118768 
39861880 
616784615 
85805562 
74425 
5875 
158 
95 
179711785 
130 
29153936 
53988 
18 
92 
1359 
1349525303 
23 
1156117 
746853151 
740618 
492548676 
551 
2 
60993 
7 
294 
597 
9747 
66 
14627767 
29316269 
2020 
17726228 
52000 
399483 
3 
1447408 
3508590 
267 
470 
2740 
609777 
16 
251 
479307 
866373 
600 
199 
109432316 
9687591 
1691843 
1807615 
71 
561592065 
947775016 
55162151 
377891 
11 
603584773 
35 
1529526 
14443285 
17035 
47 
11845 
245079515 
1 
15 
1626 
50236710 
42013 
9253 
553320781 
2 
9360186 
11867 
468062 
640471 
8 
184 
159 
590 
756256698 
4353509 
23303320 
1 
178888054 
2525 
19 
141935903 
9 
5276 
1015242 
3493 
94427664 
354674 
9196386 
38 
2 
3647964 
75 
380184 
336189757 
51662240 
7 
135 
164269 
1 
9100 
25 
1 
2650102 
1027297075 
281 
339 
547670066 
59268 
1 
82 
3 
5979 
484 
1279 
25803279 
1683077 
104215 
1 
30 
6476 
18187762 
42425 
2 
131830615 
3897470 
904246786 
22123121 
607 
174208628 
37180157 
65 
59179 
786 
14 
8129 
383534013 
16260 
2 
74034585 
33198828 
12 
1683743 
104453 
6 
17955 
233007 
10 
9181351 
51 
1 
81 
2 
21 
1 
99771786 
898205 
766 
23931 
23215 
602265692 
635246801 
371075 
23859043 
7 
42 
2235 
1073802578 
12772 
9989321 
7 
1486338 
873 
708 
2920171 
676719581 
64 
667609 
1298 
135 
24827786 
1495 
12521928 
71885 
10 
11 
1381535 
17404 
221512 
854174 
27534 
25 
68 
4187226 
393823571 
3923 
11 
2760075 
2 
45009 
362 
443465 
4 
20 
7248234 
865129304 
69389385 
1025464 
22445318 
326326 
63797 
39238 
685300479 
60621636 
1373843 
21242 
1 
3 
245160 
37127 
37565525 
50811 
303726 
118862941 
5211 
1304578281 
737 
3395 
26654 
115 
2120 
15 
5 
1066895080 
749894 
15 
48907 
331646385 
3163697 
5 
35574410 
766720 
1 
22 
79065612 
3317 
35404123 
47 
367134 
451190 
84234261 
11292 
2 
6894123 
4 
3011156 
1 
69919 
11680266 
3 
7506 
864867 
301 
99478619 
18891536 
43774 
2930840 
11 
964913 
106446474 
2 
3052 
159 
10092438 
3 
15397 
797847947 
2 
64 
42 
5138 
1559176 
4 
712 
44318258 
20 
193 
36925708 
91 
1 
828625 
222908 
12505662 
12842895 
17 
2 
7 
11083385 
12283 
54786918 
11772 
81 
1 
16432073 
1308598 
584 
1554 
122 
4720 
1 
237263 
27912 
5198 
305984 
3 
2889 
4232 
435982940 
216629 
2190731 
383460269 
301099 
109 
87514948 
1224 
3416599 
100054060 
2712091 
145559750 
382031 
35 
1088805965 
779843587 
28839 
975280 
1004 
4555 
23987630 
224 
11 
82 
342925126 
153 
1242594 
508293734 
1611323 
3005325 
31385 
1 
2 
9 
418 
4 
533 
36236924 
29358255 
2902861 
16668109 
702449 
1 
15 
37966 
10426 
4120 
448129213 
33 
455 
1036 
154323328 
20268897 
6 
12245683 
39199 
4734808 
30661256 
333 
32 
63 
98 
260974 
5300957 
48880060 
1 
16320222 
81294 
76750555 
11 
1093058 
86554181 
1 
4 
20037590 
210080 
84911497 
8955570 
40188 
664 
46537745 
45774 
304111 
1 
1230378686 
10705419 
334469161 
80035 
4701944 
9 
65403750 
2991794 
17538568 
1 
19 
457 
14 
10625 
75379836 
136829 
336 
78185 
20280 
924 
1035 
2 
141 
2812 
5072989 
7 
45626 
342710234 
301 
1 
7071060 
90708 
55 
37 
1234 
242 
73991621 
45034438 
19144487 
152630153 
557704779 
268 
368 
85173 
68929 
203004497 
291017 
597336625 
17138 
129593043 
349146088 
531591603 
48380183 
1465006 
499965491 
16527 
1 
9 
10629365 
10 
880 
123342 
332428 
1489732 
228696107 
2747 
1562359 
363783952 
4570802 
4 
2579 
556 
803959590 
1251 
1407790 
1233728 
477904 
1383636691 
2073339 
259805 
1613290 
330404952 
4729728 
620 
780136 
25 
1 
2799 
377504539 
9043116 
45 
593301199 
140729 
76692 
1 
374607 
2430 
283050 
169 
17788 
270 
2444045 
27134 
417 
29942 
454168 
192275210 
12 
57838486 
546 
32353 
1 
382001 
562 
13856025 
11791 
13 
78222 
21692 
27 
62911 
724 
51 
14826577 
677424546 
1 
714 
14128 
1523 
409613883 
164506277 
514381125 
287 
4 
54 
667803 
3 
1675208 
287341935 
22546 
29 
261675 
226 
654737 
51361 
172448036 
79 
2 
1473931 
9687 
984 
1 
713088 
102914 
5326 
6338989 
15189140 
75161461 
39201565 
856829692 
13 
565 
1199 
10 
1480 
25856114 
2723 
1734 
109 
1044 
32 
275 
675931 
51 
5809 
43574076 
64198 
274161563 
64865624 
66419 
103205437 
71562 
619 
248634959 
37 
2271 
478 
5 
194546603 
1 
50 
91 
1878196 
11634839 
14537 
105087690 
310255061 
798289345 
120880 
313443 
12118 
5 
16 
8824 
47 
79732474 
53 
4 
22551 
11608 
2430 
13 
