55642 
1 
4841 
26836 
-815950 
-26 
3764 
1041 
66 
34833985 
15677 
20615 
9887209 
558879905 
-1 
621224807 
927358721 
474491543 
1592028 
96150 
-8 
11818 
2653360 
39454459 
48549039 
727224148 
4791064 
-2980 
1 
882555715 
195045114 
1491770 
13018409 
102 
-2 
1197131668 
-17756200 
1 
18107 
736409 
-43 
3028459 
1 
29015808 
60065 
766970597 
27 
0 
15 
300733 
7459 
24232 
20091 
327109 
1395 
4805 
25419 
15413091 
-256450704 
329252 
30 
4 
1792980 
2232818 
-3824 
50512 
15 
-164 
131353 
788617115 
274048501 
-15 
4380 
913489187 
308244521 
389362852 
1811 
27667146 
168 
3634 
398452960 
89414733 
143596084 
1033858655 
183 
592989131 
3734789 
4641926 
31275 
2644250 
162 
746646640 
-56948476 
18899 
164712596 
575919 
195824 
330398 
-14 
-140397182 
105 
8 
1458 
25 
1352 
6154 
1347296725 
88 
1110084 
5134939 
-611442 
55 
-6 
-6138 
5 
19844 
398971949 
-301868 
155741767 
40498 
24044 
20 
22973174 
92195 
-2 
252112050 
0 
54606828 
9 
75962 
7 
481577477 
-1483284 
103 
80 
1491 
564 
5543006 
87538 
296 
114798853 
513 
-878001740 
1469941060 
167420666 
1 
359971 
154 
11881 
1946494 
94 
-91 
12544840 
5 
560653460 
-368 
28143447 
4 
-2372 
312293 
13 
-345118 
16723 
73130 
434 
261 
681955412 
3893 
769236 
477826 
241560 
936 
1 
-120720 
6282 
-861490078 
1 
4 
1161420709 
6 
345 
-135252 
9 
1 
996 
-1 
44 
400881 
1468897216 
1365258939 
195836 
244838 
10849 
-13 
-1571230 
1437935491 
94833513 
3014202 
80662 
172 
3 
335796077 
-76 
1430413 
375631 
-4 
78557283 
0 
155267 
-163624 
-1875562 
748 
-1 
1 
120074 
276191389 
37 
3009 
77203743 
170 
1 
3852873 
5799056 
-10 
1217210 
4815994 
361458 
62889384 
41 
39765186 
45817642 
-8 
33 
-5 
1 
7873795 
705242 
55 
2234393 
1391826 
-103 
89 
-16 
126294 
9684 
3537 
-114369564 
1997 
1 
70 
-1 
2 
1557 
-1 
3533038 
-254 
-3 
1562404371 
158110 
506620 
27329921 
17 
-94554 
995368875 
7 
7874635 
122 
1567911 
54 
1256574 
209407 
-1 
206889667 
-328052 
909872206 
27645373 
-9078404 
74 
-1 
357436 
1 
31064301 
45258774 
5324275 
-1 
21288448 
267 
-432 
3607 
11150 
1176 
17 
0 
753459623 
30 
-600562 
152 
-1 
42482 
3062 
532511294 
0 
97 
11490093 
488450 
5 
34249 
47 
9332887 
27916 
2185 
10795 
5915 
-1 
-8 
419836555 
1218 
-9052 
402 
664 
5 
1237 
209 
4299571 
706 
585465591 
-963874 
239 
86816 
-2 
350797 
-1 
10835 
10222 
-310170 
136012 
30376 
4283899 
1948008 
-15559080 
10 
-1 
284686 
-14 
-763214 
-3988 
361624891 
1 
2959019 
722768206 
222466550 
2 
31091 
-120 
1796 
63266 
23 
17 
-1 
2 
-25 
1997 
261774166 
-400 
60 
6 
-40 
28981739 
12371 
7 
683376730 
3504 
322 
2 
1848485 
140707 
71 
1178 
28068643 
142 
139460443 
135001677 
623217 
10866725 
-9 
1 
24418 
14039 
1200 
35949 
31 
-4 
25 
-209572416 
7729 
27 
9782 
-656694 
3260 
2 
-13151266 
-522021806 
198855255 
1 
2 
259989 
15 
-32487406 
1 
475 
6624 
2557 
1603 
9 
-260467254 
21 
1166730 
2 
18953 
-840026 
-169 
9587952 
2193518 
76034 
-7 
196256 
-802987272 
48199 
54 
5049 
-1 
2338 
582475 
21 
136708 
7824 
88199241 
360580373 
-8 
2093 
810517 
22671 
6909037 
0 
-33402 
96319 
33 
28 
-21584220 
1452582762 
11906490 
664334393 
2 
-46870 
773004 
155766663 
-2972 
779292 
91792 
1168 
30693 
1 
-9 
-19 
25915 
-4 
86212746 
161907163 
35923873 
1024042 
659843 
-35 
310074 
31637452 
36 
16360 
-113797282 
10 
2526 
439 
2189 
-238706 
188637 
171985 
15 
919 
46 
1 
0 
2 
1 
2 
14627230 
-20 
2022 
14384642 
4 
204 
645058344 
58095 
18484 
-6810 
32 
-1 
7047 
1237732 
2 
-140032 
129 
288964 
-1 
784855 
120936800 
415950553 
32 
13 
9 
-19 
21038954 
153 
114 
58064593 
2140 
-18 
48833120 
154648 
22533592 
67888438 
40235464 
1983 
22155612 
14723 
2755789 
297788 
-7102118 
-17 
128869854 
504614931 
54924535 
-1 
128 
108418 
0 
-1 
-290 
-1 
-212680 
624745506 
3067 
7808427 
1941161 
-19214 
-141 
30777655 
13499067 
2482230 
755583876 
1339 
0 
1191169 
213 
-5873092 
15 
33443 
256659 
-43 
-204168462 
-2 
-120838 
2 
19481976 
367 
-165568 
141653 
2 
264755 
7446328 
138703 
10637 
150059 
1706 
2995586 
303098 
20826 
-13975444 
-8 
-12 
15481974 
34 
-26340 
1103368 
226441 
333 
58457400 
-59106 
-121 
1071 
7820 
17451 
1496529837 
-15188 
-3634 
31428 
2367628 
53 
-414 
-44086 
8720 
381 
10969327 
1 
42982 
186 
79 
1341105 
1114123659 
10011 
12025 
-5564 
-2 
9370 
125 
385192 
-32 
535163 
2782763 
0 
22 
11 
738608 
994 
53522926 
-102692 
8300 
12 
2 
-55700226 
948069 
-112214438 
188 
576417 
-208 
3 
71320 
3099 
-4 
6986094 
86764171 
-384299294 
-80 
-14 
6738361 
71 
353403 
240439 
326829 
22376971 
7 
56269 
-33704 
-57578 
994 
304531496 
326 
788881472 
169012274 
175122 
162 
2 
242 
0 
-82454164 
-9312 
4 
270711975 
-13558452 
5 
58775835 
16090095 
-3406 
-26942 
0 
147 
280105872 
45 
0 
43008 
-75019898 
21249 
322009 
886617 
-2 
90 
-1 
1958058 
2210802 
2 
-1 
9 
75 
64 
164124 
6 
1256385596 
-2 
-9447346 
19252196 
367740186 
1341 
539 
-382290278 
5676749 
296591 
24452018 
12559798 
850 
741 
20295 
280 
4 
4667 
166737 
5245 
344 
1020 
68 
2073084 
8654 
108 
3817514 
-4521788 
0 
7780 
22729406 
-1504 
9 
4566 
116 
-77 
39057503 
481 
2225 
12648361 
81 
-149354 
9 
273878651 
1 
59 
-45 
-20 
15804 
531 
-1750 
54218870 
2724 
11 
31 
-6 
4075396 
17 
13101850 
35 
1303389 
-3895018 
1473492880 
79 
-64274 
114751384 
62548 
821536132 
-28 
46075927 
91258369 
1668709 
1 
2488 
34 
-222333570 
1 
508 
-75737752 
15 
1988 
1 
371100343 
489145836 
193462824 
-67 
138033073 
-7 
370633 
21444 
4 
4653329 
41313155 
1262 
-6018 
409 
132991571 
0 
-250633770 
5403611 
117958178 
39 
-69 
304 
1 
20 
697151 
930366 
-1930130 
-731058 
4295362 
1304610 
2413 
17 
3 
3320897 
248 
10 
82181529 
173620 
2926378 
87895 
-510704 
150 
724285634 
46698 
-1 
-5 
461734558 
4309886 
-103 
1 
72 
2337349 
24655 
3954769 
45943898 
1102307 
1980734 
-96468248 
1 
645 
66150 
442730573 
389976 
701860 
375 
288920782 
118 
328 
1290490 
8 
149510 
2 
78 
1452 
1426 
-53531400 
2337759 
-758 
767567636 
3530 
40 
91 
1 
-58 
57016 
66 
672600 
129 
-2 
-2 
-7298 
25146 
5 
4 
-1 
1490 
7601108 
132 
10606 
1381515111 
105 
1216964 
10 
0 
942212001 
1953 
5468447 
30869714 
-1 
511376 
97857 
381511009 
1001295 
23 
7487028 
2617783 
21284591 
7342 
183 
127334 
3091 
-1 
2 
181572 
5646 
957 
18 
31223 
112744 
21587 
-4982 
31 
63837668 
33742345 
2979 
-26332684 
17 
2821104 
-177039740 
524306577 
2 
167776 
4 
-6 
1638 
-20407642 
-1 
8821218 
270 
1117 
-4 
-27 
5 
1798 
5178 
76508 
1 
1004095385 
2220 
757381451 
579 
667418626 
95318 
126714 
311862 
4843 
176002981 
23986490 
-1 
-1 
344578 
3813 
-1682 
-104 
15985379 
3000 
768897 
72 
-94765198 
483944403 
19380 
-96397682 
5929834 
-167 
175 
64248436 
55 
-5516824 
-39 
-130914 
-18460 
351 
239458926 
49 
-622 
-7766898 
-180856 
1396034 
349428262 
26114133 
174584131 
2384041 
163260 
1 
10979 
125337194 
2 
1621 
149974 
1533 
1056903 
2 
243 
584 
6347 
-3952 
10 
92167482 
7 
32 
30280 
16 
97320227 
25991243 
5730 
-157 
75634403 
-184 
1480 
-1 
570 
2328 
-28802772 
346563859 
99545923 
397736 
8 
-12368992 
1 
4 
-631769900 
50 
2637 
-1 
20 
-143636928 
52 
-1 
-22038 
2083626 
45 
28 
374990 
2 
465472 
87029 
-1 
1 
6686665 
3702 
1 
18409812 
-6 
1712 
309760 
6510 
42149 
485446402 
-9724036 
-35 
376583921 
592 
18368341 
3871 
18996 
-220 
12 
199919454 
3 
107 
41 
9837 
84 
1960449 
127 
41934 
16164913 
31457 
10 
1 
2107285 
17 
168513 
166 
1247 
-18 
-3 
-1 
22996 
113068 
10235072 
20 
154773133 
4577 
176353 
8196 
184498 
1326258 
3458 
103 
10741982 
5 
34 
2 
2 
155791 
-1 
16730 
-1 
0 
17 
37 
2976160 
67 
-182213040 
538 
7540382 
19918162 
11 
73521 
2 
-97 
183685842 
27382 
9991841 
354 
23429 
0 
52866 
-1012206144 
16817 
27916 
-1 
525558307 
3714 
-1 
12864 
1244005375 
65181226 
89482 
114931 
733574 
246246384 
88192993 
48341426 
7950 
-19968 
8806 
503194 
46 
11791 
1029821 
-28 
555900294 
156 
51 
62 
581145288 
10692270 
-11936 
96331 
7162819 
-8 
106801 
152243 
20745790 
1 
6201618 
1003618231 
2506 
937 
311044963 
188599 
67797 
48483 
19 
3717554 
17422 
-14132 
8 
210760 
554059168 
1 
2976788 
1242793960 
48130851 
5539 
124022789 
238039982 
40 
595 
-1 
1 
74 
3621209 
400 
138444 
6533026 
1435 
184414235 
0 
375 
943944 
386546 
59064 
1 
177821258 
-1 
9799 
1069177534 
688 
85171 
54 
143 
-1 
29745684 
4 
12202 
29 
145234 
67608 
5458 
502 
18 
81178285 
1 
93966 
2373678 
44910 
-232223536 
2 
-91426 
-93448 
75 
44 
8509 
85913202 
97528019 
2 
1 
226317025 
-13 
330 
0 
6 
135921522 
548625 
20805681 
0 
3373 
27986 
-2670 
51747 
512568741 
117111 
10 
-13418 
2550068 
91893 
74 
46658 
20426 
154 
56492449 
758052883 
88 
129645 
1801098 
165 
11824633 
18870 
337868091 
73 
16456749 
41148 
898 
49 
-25 
39326664 
9408 
44224 
45 
13586810 
-25411252 
21 
3320 
2050999 
67884353 
-125924174 
5073541 
-1 
86 
22 
77713003 
281316 
158094897 
-24666 
-417704 
47063772 
-2 
11744 
28090372 
-474 
4 
5883 
476 
328 
-4 
-13803474 
2098857 
13326 
-54 
558913 
-164818 
1042502721 
110 
-1 
-117 
6 
-4 
82 
302143 
62160 
1425855 
35127 
21 
384213169 
4976436 
48132481 
59703 
403384 
0 
129865 
-16 
41 
1 
5347 
-383270080 
111069 
55680620 
187632 
1173 
275471 
2695 
0 
-260149238 
-196 
1505 
62 
677107215 
-13 
43677708 
148 
203787 
-1 
177532702 
17695 
10457528 
47053286 
-770806324 
2 
23 
858320814 
141323 
-1 
-108 
1559040 
6955 
58 
30 
573762936 
291169 
2067290 
0 
776019 
621118767 
27868658 
2 
81000 
83880353 
-1023655790 
-29884120 
-43 
1439 
1746590 
9 
2739 
19 
146 
3996468 
105133 
54423 
23 
-61 
51341 
2326 
178993321 
-907766 
18 
535702 
4 
6 
-1 
82736 
37 
239 
5757 
933 
583682470 
1059997 
87853886 
10017770 
-126050 
64727088 
251121308 
8 
10255 
11 
238443 
3 
-5016792 
70670 
-13441438 
90331 
-613379628 
5298 
306 
-7124152 
183 
-2 
-4 
-1 
-85404402 
16940 
121691971 
656536028 
292903405 
5 
313407 
12054 
3 
-20 
-748 
20442 
1 
574435 
4 
240319 
314783844 
4216632 
-1 
-24316942 
2660 
15677 
-29566 
1230944 
-45383928 
2606100 
134391 
6108106 
-1296 
881666 
3293155 
481884 
2471 
17 
-2006 
1635834 
181913 
1409984954 
3 
10043 
32291727 
23 
-1 
6498 
3978249 
283227 
5355978 
-64910584 
6375049 
-1782 
10473614 
4 
-255616 
1515 
-1957906 
146274 
-892731786 
106865669 
39120346 
-45858 
19147 
83924432 
497 
4102 
520521073 
173 
-620793836 
3 
1307 
385 
1 
1671 
8530588 
66 
175106035 
1 
14163 
1798401 
-668 
45500521 
-14 
-135328808 
765 
3 
-111 
5 
10531850 
2587 
80 
561912702 
529 
12105047 
237961 
666845 
18886139 
4890 
19642206 
-3332734 
-2219738 
-4 
4842 
23081101 
527361 
-164982232 
488737175 
-749712 
6664738 
107492950 
45925678 
89 
10 
272872695 
5 
3405 
-3206 
361547858 
21 
43696 
12397917 
4781 
99047697 
5602 
61930263 
57993779 
0 
-18 
37 
-2 
3789731 
25096 
5398 
6949 
-1 
2929 
2734 
44876 
1 
1365748 
104 
-28776 
18217268 
437055 
25679276 
38 
-19 
5062764 
-1 
518 
-1 
1686 
49110 
662 
21 
-430221326 
178453233 
671204 
14059424 
383 
11 
61556 
0 
751290589 
0 
11868 
4 
25311318 
3325 
50549015 
1274937 
13 
4664 
36073659 
68 
1343447 
-148 
-22143028 
561914 
770878086 
1087 
17 
288 
5 
24269173 
47 
23 
44127552 
943 
-214694496 
43 
29221608 
556 
71632130 
205167 
21 
7309968 
7 
3565196 
1000 
-1 
1001356 
1 
57 
135 
7322594 
37906481 
25 
383 
36 
11396884 
1 
52232 
3926 
-460 
571075222 
614 
177880 
10 
-4277676 
92894891 
183090088 
13569 
45290809 
1 
542013806 
448 
39 
17 
-3 
-244 
70056432 
38441494 
16 
-1 
27 
371459 
39488 
3 
708146820 
-200 
25390886 
192060924 
-2624 
572267 
22531 
-35591406 
14302441 
770747 
187949 
1163993 
24559436 
10039 
-29548 
78 
3012 
2210552 
2 
56482 
730 
39190663 
3 
-1 
40 
499 
7 
66251435 
900681504 
-1046188678 
1538736 
18 
-397996 
44044 
116280311 
447580843 
9 
18 
-66256602 
1 
975044 
116320620 
-46602 
515386 
-1 
69012 
97563 
462272135 
5 
36529486 
722833667 
26868 
-398234 
894163927 
-1 
29 
4600373 
-5 
2410 
5348485 
100 
-55 
221364 
15733841 
-2372 
1186374 
1053 
928 
27 
2376 
123807 
1 
-5 
6660641 
2562 
3014726 
142222503 
977 
469 
3058029 
48597950 
124 
-4 
2 
0 
4732 
15 
19111 
0 
438655 
23764869 
19 
2 
876143 
2906 
589796 
2487 
18 
24907 
4 
3490 
-8 
460263 
-2 
462545922 
2967230 
1089 
108891995 
-38132 
493 
393954352 
-1 
586 
1534585 
400545 
9654303 
1 
7027 
709516 
20 
-27 
-533518 
-63 
5688 
138724120 
1 
228 
1153 
0 
182821 
8 
161151 
8211 
-6064786 
593 
585162 
-1 
-13 
2570946 
-4826304 
374411 
-1 
69675 
-23 
258178688 
1 
17581425 
-10 
2 
171 
-1 
183720396 
233 
76 
-256716 
-21 
19320 
2221 
32081 
5381409 
12353325 
-820086366 
41801 
1309280 
40264824 
12 
0 
22 
26086038 
2808155 
18 
5 
364523868 
2523 
-859260 
691907101 
33640571 
173549392 
5 
-15044 
118835305 
1 
3 
-718 
548 
68011865 
14 
30466339 
-5 
864261 
1 
1 
1487941 
225371 
5 
2432 
22725405 
0 
925 
523750 
-1 
662292366 
5 
-6629932 
5465 
9944 
427610 
2910 
-704 
-22450332 
-3 
272567 
5645607 
12419138 
2 
11223912 
181 
19439 
146 
22 
11324649 
331497 
13 
43089201 
222377 
787 
5228829 
-8096 
-365929546 
10203 
123999927 
282 
404510 
3978480 
-2 
11435 
1 
1728 
2678194 
214 
-5 
775538 
8680 
458173 
-1 
79198292 
1010841371 
28910506 
7 
9 
-48692 
28 
70 
64062454 
3530 
71 
1 
12193 
94851 
61907 
-29873050 
6987818 
378 
4420 
-20756 
1 
378 
678762 
4 
457 
1312940 
139082 
-718390 
-1421226 
561980556 
13 
4 
244837 
2032967 
437 
83788196 
2909340 
51 
33 
464328761 
8 
-1 
44096048 
271 
1828 
20513 
64 
-2 
-3 
293959727 
9868 
129449 
879583 
100346 
1 
113315577 
3 
4004 
-12 
8 
73659469 
7993851 
457902 
363079075 
914 
12697727 
12061 
3302 
1 
89112 
233 
0 
-14 
39059671 
85157 
454 
75 
1064496 
5786 
17348633 
5319439 
193719503 
15785913 
17365 
-75 
957035540 
99660 
409800 
3741 
90688 
-1 
10 
-127143568 
-1 
39 
89167298 
6 
-5 
24239 
-12 
18 
3375 
763 
82 
78145 
552930 
40021613 
-201258308 
279857 
-738255766 
17168 
191 
-271525578 
93050020 
8 
12112033 
987137 
12472 
-4 
20969163 
10808 
2 
2269702 
832134 
2830 
-1 
3 
371475082 
137784680 
3181089 
383944 
1309 
53921 
112 
3 
84747 
80 
29726 
-362565854 
3191 
-1935666 
679745 
1140059 
769524856 
94 
25 
19 
33 
0 
920379072 
1495 
33398150 
-101098 
16581 
1 
5181 
1 
266752162 
185925 
-901014 
-23420 
-12 
230630602 
314644 
180635 
1863 
3345658 
19217 
4824634 
1598 
2 
169526 
-58554 
977475984 
21001821 
571 
-1 
9 
15272 
1 
928945 
-59662388 
1 
5 
19962889 
301 
85 
209201 
-101666976 
-1 
44468437 
-226370 
330733 
35 
9 
1407 
23 
620631 
11086246 
86976 
-84 
7793 
670 
3668 
9777156 
663 
28457525 
6053 
77 
350301 
5 
-21705740 
74011281 
1 
23 
1120 
25753272 
91021745 
1370135751 
6 
1083995496 
201312085 
-30 
2 
43078 
13 
414552838 
2397166 
-468 
2399 
83 
-51474422 
829556 
82748968 
-52948220 
2103 
5500684 
89 
-50 
3100655 
627 
4 
-61960274 
-43986672 
3477 
7 
869812 
57708 
13790 
-624192094 
782 
15023105 
72590401 
237 
18252560 
422765 
46696175 
15651 
-64 
4864 
-8801230 
20722 
1077 
-1 
162041598 
27 
1 
3888 
5360534 
-124211244 
0 
0 
230 
48671 
706811 
59673 
-1253122 
34 
-3 
1 
587 
10479277 
228235100 
-1 
16118086 
74355 
8899 
64 
10475 
-8216474 
-2048540 
5915764 
30 
0 
36 
5 
210 
1246562113 
3743 
76509565 
-114 
1 
62 
553 
-78326 
23 
10325250 
11 
1 
-1974 
-2 
277 
-977772724 
1686 
-2 
83 
154984 
125 
-69 
-4 
757 
145245 
7430094 
1 
7 
309 
1973283 
-8201020 
-30613416 
2542792 
-66 
0 
26645 
513 
2682243 
210081 
401 
-51 
-34 
4 
-217562282 
8 
757944641 
5022705 
1240 
-47381010 
2749 
5 
414 
176490053 
6170 
-193732 
1 
7303 
-105 
6944 
18 
4 
246938 
-557801420 
-47 
389 
756 
-5442 
291867560 
-2 
387480 
1042444 
274714 
1708 
26 
11350782 
22475117 
38258116 
38 
121280233 
864 
75705230 
18 
192823 
717 
5 
258175144 
537295 
699 
-64631906 
14375659 
54895 
14906285 
-1 
2777 
27 
-198574 
-1 
39 
-306 
25679 
158746889 
20170 
2 
29 
300094 
1184009 
642905 
151653363 
2 
44 
3380 
110568041 
56286356 
137389 
88066 
-30580700 
21 
-1 
417283888 
-207294992 
39368918 
389137 
486618599 
135460785 
-79497318 
45471 
22485 
5 
10085 
5277 
2196498 
146 
0 
245257793 
-8022 
-243863798 
25397 
33368285 
382001 
-66163900 
147 
-108 
679615284 
449622802 
-23 
1269849256 
52 
1478514 
33281 
278223385 
63 
190 
910235700 
189171 
329314303 
5 
1217 
0 
151 
12912888 
150684211 
26567 
6283 
282457157 
82 
19352 
44 
1741 
35781 
1 
0 
1311577 
3 
172379 
10 
-131 
756 
3 
731362686 
-630258932 
21703837 
298113 
43 
106 
1 
0 
-147 
42332 
21765 
340235 
45302 
804695844 
1665407 
-1746 
3 
79 
22 
1100963 
1 
42122691 
24987527 
14277199 
1435 
11764024 
654224 
7153061 
80989470 
331607 
79 
-463848 
-12928 
12313161 
87296981 
45459685 
12643 
49250368 
10474120 
-928 
-1 
9569775 
553636 
-21 
1076795738 
413092391 
39698393 
-52790 
343 
71234 
1462997244 
-92176 
846965077 
83379479 
18333242 
5541 
39 
22 
-124 
1422851 
37908 
365569 
39348 
2942 
12588181 
-4040804 
1 
36247294 
-25 
336889959 
2 
418967 
1328 
298 
6034250 
23762 
828 
8 
-1 
5639 
474892 
-2 
-1772994 
354816 
82506 
57 
-189176460 
-61776 
321926288 
-1 
132311 
-23 
-1 
762693 
16 
87 
49 
78307648 
-40 
1 
72152 
865245 
43 
-21 
8784 
9150 
-23168 
1038 
12363486 
188 
1563 
-22 
3165 
122523 
36 
96192 
1 
12 
1 
3943 
16113794 
519 
258 
262431 
-115847940 
288515532 
9 
368936 
17425077 
2104740 
1577998 
246379 
2 
2146 
-50540 
-77320 
17269 
664077186 
633 
515479502 
-2 
-57234 
2950036 
6232 
235292366 
112284 
-16 
-30484 
-1464 
-1 
1 
5650 
70181661 
88441 
19524 
5386 
61712 
3596 
3558673 
5137271 
532 
3829 
4068 
404482973 
-1 
2464 
44 
62542445 
0 
-2163476 
3328337 
1487 
3023 
694711475 
55071 
839744 
3 
34309 
-5578 
365484 
0 
-312 
1 
172 
-896281876 
-120216804 
5543516 
14 
87 
-48 
19437 
2684 
-65348 
1436134 
6209 
-12 
30 
141 
27 
1161236 
986871 
56948 
673778 
1 
10907 
-2 
431 
-51082 
13137048 
2811 
869196455 
780 
97502883 
-546 
40063 
23201414 
16490965 
69175590 
-4 
-5005914 
81010 
990098 
1217881 
2233664 
806 
35758 
28491932 
73 
463443568 
4 
128558272 
2 
436233 
10041740 
217 
1019913529 
533 
74470 
1133 
393446 
157666085 
2175 
-52 
1040426451 
1314941197 
740922 
5 
-14120 
735561 
4691 
67 
-126279996 
701071 
3 
15491 
-6 
-225174 
-2 
681181 
1 
12491617 
660 
2018001 
-19724798 
29251 
0 
1 
10828875 
235978 
52 
152696 
45741 
30933 
1833809 
17164531 
-16 
670 
94525695 
-1 
2510599 
34329569 
875790 
-49 
9 
628335844 
2 
-28662284 
111041 
1335 
-12216 
119037390 
6275895 
3037 
-613310634 
-13 
-40609776 
162 
46878 
2057892 
-3 
22 
3005 
2 
195723229 
-3860 
4082769 
285711 
4589154 
93183 
156 
36 
2 
-115 
19289 
-354 
-1758956 
12831 
-41088 
11718036 
174483 
-72 
2489763 
18349 
286 
13986 
-807368 
185850247 
48421138 
1086938 
4635 
9399798 
447820884 
111034984 
1061721 
-86 
41517 
1007 
3 
-10 
18572 
8226 
15 
1540389859 
177387 
-612 
-903825584 
5 
259071 
168122 
221121 
-39936 
10768818 
1073950 
6 
561938540 
12 
237845 
19985217 
2024559 
53 
2362 
70710840 
80763613 
1449 
-16 
3088053 
-2368840 
286500 
-3618088 
514455 
172185 
2719 
17 
670 
1687 
434384 
24427972 
39695871 
1124 
88913795 
17296 
11450432 
76139102 
4125 
2092806 
98201805 
3518 
106234617 
21721 
1 
8824297 
1 
-895876 
27841 
97685 
-2 
106099 
1256465369 
-43 
145951942 
1196 
-256 
2778569 
39847110 
182780 
94732818 
-5 
65262482 
14032341 
87 
-1022824 
-112 
48 
1666013 
76896 
334144 
23 
1 
-1 
52999843 
13244983 
168072730 
31272362 
4222634 
1 
-1 
4437 
-166424156 
99301 
1 
10 
35 
-3510 
46 
-1 
2 
94353336 
114 
119936 
20706 
1 
-8 
42466121 
7347263 
-20620 
53547 
-2 
21591442 
20985 
5667 
23464410 
389 
93 
-2 
91269 
-1 
35064 
88445019 
37 
10609 
1791 
22177 
-1 
8848610 
-3 
-1 
-177952 
2 
24136 
-4034 
1 
-1182 
4 
-4 
1952 
9014 
-1 
12 
0 
2 
361 
389202 
4871 
11576 
-2 
1905 
242 
-102 
-870 
524109748 
376187994 
1933948 
262847538 
22908286 
0 
1 
12913 
1023481 
226428034 
3078334 
2370891 
1416126 
-489043198 
5208 
16978 
-10 
2350839 
551 
2566979 
714927 
9536045 
-1 
42029 
39 
-1471812 
154 
0 
3396 
4 
3490 
1 
162378159 
3019 
188 
110359683 
2533056 
-440 
357791 
13212 
1332 
80525410 
383192206 
79422 
48238404 
94273 
4408665 
9214351 
277702 
-4046 
-1 
18473453 
1738 
2346133 
12485 
-2 
860674 
169679 
1 
199425 
698459476 
286 
7659 
221 
-1 
39 
256 
11962 
250 
-449869090 
295 
70196 
189728033 
393 
2 
44 
-37 
8234 
6 
-4 
3961554 
511 
506 
35631161 
-2 
45094 
182679639 
-4 
95881 
-5 
1 
11 
-2 
4 
1144 
33908 
193521520 
11546929 
354 
1336093 
338507 
-1 
182410 
4911234 
-134 
96344 
115 
-3309094 
1 
402004 
317996869 
8 
21869110 
67213 
5964 
2941758 
237 
42600779 
688686218 
-1 
192218 
54871837 
-37 
53306 
2 
23307364 
104969 
17034764 
-4 
-72833884 
-1 
21059133 
632479669 
12764 
132 
25968452 
-24754 
-12142 
77375 
66 
317 
11 
10 
3 
21851776 
11488546 
181300968 
676 
1 
729722 
5012937 
3 
23273 
-8 
-16 
939 
-1 
-1180858 
363 
11 
-29 
2712420 
888372 
48 
-1336968 
8824 
-1 
-5298 
26604 
7358852 
-179833850 
3501252 
25448 
42 
208 
-1 
1457 
-2 
116113 
52 
-2 
44 
24173 
2555 
1289 
405925078 
-18 
49 
437482 
72865325 
-6 
22288 
7 
23186 
5034 
5264228 
164927573 
657 
171 
1487 
1 
425148061 
661 
2 
235639736 
72044490 
1 
4296 
379 
-19 
12500 
540 
341284 
-1541254 
8 
-7 
9413575 
4820174 
12593 
-36 
658540 
40113649 
842967183 
28450 
-30416 
472883853 
747 
0 
65515344 
5860 
7530868 
382 
759 
1896304 
394133151 
16756 
9317183 
1170 
24077524 
12996 
1 
1103860 
174152798 
-3186 
1 
0 
176 
16 
66242 
13109133 
1 
-13520 
109374 
-16878750 
154717 
2267 
484349 
-1 
1309 
1 
-22 
2910189 
-23 
11555332 
1582 
-10 
82801492 
40994925 
18013 
2019102 
47 
1330570 
433160 
723 
19785313 
14179 
100338 
-73 
620272 
3135005 
2 
123779574 
1017130 
9800 
1 
696145 
65 
181616 
22 
-28 
-1 
-878 
5898943 
-1 
18887 
4114 
253577540 
988276256 
36 
4351218 
378 
-15 
14852156 
10296 
5682 
226036 
1019351 
6495984 
24071824 
274499464 
175221 
63 
1112 
-22652 
40 
304077277 
-45970 
-1014 
231923 
506117700 
102 
372457532 
5845870 
-189896732 
157899806 
7107 
-202266896 
-864 
64385382 
3442 
-1 
17757 
40 
201 
63 
23791108 
110 
1970055 
17003 
5562066 
-2 
134 
120993457 
557354 
126 
21338 
1 
17065613 
-2 
2001 
159174 
-382 
74716869 
-8 
20098933 
-67843208 
-1472 
-47688 
-2716 
-4827566 
7111 
33 
162 
-1 
-41 
1 
318 
9156815 
1845336 
49708747 
4119 
0 
-266960200 
8 
-14211872 
64454912 
188098 
129637 
3 
32788567 
38901 
16 
6410556 
-440546974 
1011 
-930772 
32 
74630 
-195866 
18177884 
10 
17192 
752702 
173 
-4 
5 
20558546 
-856 
150 
-14 
0 
148 
230958 
7762 
844 
8171739 
101899 
0 
-7 
9 
653 
264939399 
-3248 
9072237 
373307 
48 
2 
62 
9127200 
1843037 
1231359 
129 
1 
187 
2770669 
10 
10609 
-151 
-32120 
1 
37715 
0 
-3397202 
23449199 
8 
4758468 
46 
8 
-25260 
-1 
1 
-58980 
4 
9 
2 
-9 
68942 
3800595 
901575851 
1 
2 
46 
2603538 
6416 
9890 
2985 
90496128 
-2 
460394571 
39548 
5161 
313400 
1228383 
84 
30 
712117262 
477681480 
20654 
3575 
-600676158 
461389 
432 
7 
1061755812 
-44 
19 
-28 
537 
273398237 
163764 
837030 
-357939448 
600 
992817170 
6552 
96708 
10968171 
39 
8 
10899 
6263513 
35 
181 
479553931 
19750798 
-22020 
8957 
1100 
1 
55 
87848 
-17 
-22 
1 
750 
65 
-1 
1979 
-2412 
24 
363 
-1 
43530567 
14664 
-656973948 
-92154240 
2891 
1812952 
147607425 
5 
195400 
46265 
-1 
-19 
349 
177815765 
1 
23457 
166673179 
362537 
2 
3073433 
1585812 
2114088 
1080 
1606968 
1 
1342 
110 
8713 
-1 
77785568 
1 
262817766 
-1 
2160 
9992 
2992 
1 
897728 
21210 
-1 
4628 
2369844 
28397 
-105 
-13 
0 
10 
3106652 
8148420 
370822 
52061604 
221 
179886 
-31967832 
2723151 
551161364 
4 
2 
36787663 
1924411 
3811 
62302 
18059 
478109264 
-33 
2500 
-1 
22312 
-168 
319 
-168820 
811 
7382 
2 
-62996 
1085 
53 
1 
-1 
13331031 
-200 
392921396 
78163 
80 
564 
-396795162 
13604 
1027955810 
-270339486 
81 
-10466 
7 
-58 
80 
2054 
182249 
25503 
154314666 
-53 
28812 
-7578818 
12627886 
35757 
366 
37 
1462619 
91 
175778 
-1 
-16 
229359529 
1326 
1423956018 
8656235 
-1264 
1195 
-580034344 
3595 
99561 
-1 
-14 
1 
1 
-44 
331 
-1 
238542007 
180641364 
23 
-208294 
709 
73273 
6016609 
90 
38 
-47 
2 
743575 
74978 
331929 
152287468 
708149 
14057744 
262 
304 
273654147 
11 
508973876 
481318926 
10956 
40674 
613702 
99353684 
-13131428 
125657815 
-16995220 
3 
107895 
-845006 
-505308606 
95421 
7 
11 
514 
690 
149629 
231901533 
43 
105281032 
1 
87489350 
54 
19 
697424554 
381667458 
7617 
-1 
11 
-4 
3 
15 
3397314 
1571951 
16808803 
21518972 
311859315 
133746882 
-3941966 
1034919 
37584394 
773689 
-17 
22 
-2 
-1 
23370 
2 
83 
-46660228 
2157 
-86346736 
77039 
28736 
37562581 
47 
90 
159 
15134230 
540509682 
-5643434 
897784247 
37704 
1306710 
2 
0 
35 
6229604 
15854669 
222314 
93422 
-7 
16 
313 
5288202 
79079 
6143 
-3213438 
1 
792211 
150175581 
-50205586 
2253 
18 
-337901678 
606750223 
-8 
246 
2 
2721 
116368908 
-33842 
1 
467121 
112 
313 
72 
2 
21 
786692 
1460 
5920430 
2422581 
680584 
2465 
1529 
659348 
597 
-2 
100913236 
14 
-12 
-3118956 
2251833 
10003 
-689643090 
-2 
14193 
39556 
11157622 
-32114 
21590420 
161679 
-474520 
110048 
798938095 
552649 
3 
38510 
56 
-1 
696392 
404446807 
-1 
109 
-1 
-1 
11 
84 
-8 
46449 
103 
3 
2902 
182487 
-35250 
91994 
90 
18118616 
-32 
1 
23746047 
-2 
10091480 
37 
8 
-1 
-46548050 
6 
184959 
-201195860 
185 
7939713 
3 
1 
159239 
4433 
11 
-46 
775 
1 
35017 
9744 
4 
-1 
193843677 
396061610 
35644 
30 
776303218 
-1 
969 
4822948 
1091 
-218724 
201 
-46278 
-1046 
2 
0 
93603 
30772 
-1 
509286 
0 
-87897074 
8614 
1539569 
17262608 
3113289 
619998448 
44609187 
-2 
-2396 
-2 
2 
0 
-82 
18440 
-2 
1695 
366 
60 
362962379 
-259606 
5971608 
-20108 
306044 
3054 
-1830 
-740 
-15058 
43 
131493583 
77 
4583570 
190 
1 
132266424 
2814568 
149272 
1 
73 
1 
182884209 
19226589 
13439 
470 
108 
-43844 
574322225 
246 
-45511238 
27802 
734 
36191 
22 
0 
371580802 
237 
-5584 
-1259912 
7 
122665 
291670883 
8371 
108650 
74650 
239623 
60230390 
91218 
-19 
8992345 
8 
1437 
2362 
-29 
11686867 
22793304 
1502824886 
-95057834 
201310 
1 
241198820 
-468 
-893531600 
3143150 
1 
612 
13028 
20416338 
228463598 
1964468 
-2 
0 
29627 
18504506 
-63171546 
1093 
-64330 
4168 
-1720 
11859 
197636932 
-1 
1423890 
1449069 
22667 
99982 
-2 
108685268 
-79670 
68 
10300099 
30312781 
6 
166 
1723120 
226452 
0 
2 
16683 
13896328 
39345 
8965 
-44093322 
32 
4520005 
395730500 
658 
1105860 
38613 
43207941 
208823 
2155 
2226 
1543 
-46 
52 
-1 
34874623 
75075 
1155739 
21 
10851 
-464731702 
13532 
189448 
-200 
51496492 
1981962 
10867582 
9411 
33663328 
107627 
8977 
-4142578 
2811703 
1019 
450 
2292 
41531 
201241906 
37726 
19032 
846 
201718787 
1384 
-105280 
37345 
91 
21409 
100625012 
2204 
99 
2 
-1 
190656861 
-750 
729231 
-412 
482346 
-20 
2596461 
404534 
886409 
4773 
197063790 
-1 
-1 
133 
110493521 
3 
6069340 
9 
937248 
3800978 
26 
43573 
1091 
-1 
-4697466 
445167794 
1294 
30304721 
-2756 
29 
4309 
298627 
68872228 
320 
6732915 
-33387098 
212008929 
0 
387466 
385238 
98 
15 
-917696 
251387216 
1420008003 
17940 
2756 
-754 
664237 
-41 
57796 
9898655 
109186 
5265354 
-11 
86046 
292082216 
-1 
1255741 
-104790556 
1 
315909785 
16528 
-19068 
-100509706 
196939864 
773069664 
2222 
1593064 
-1 
7 
151387 
22 
1 
-25599688 
193361 
17 
2309 
1 
11131 
47 
37 
-26 
-15 
147 
35 
46001 
13542 
31 
-2147004 
1888 
2412 
-2104 
1959 
1507441 
85 
52093657 
4 
4716179 
-6 
4 
3141331 
-8 
23616685 
-1 
-794 
1234039 
-4134466 
18647 
71 
5 
444666 
97457450 
36908 
-50413650 
-12 
63 
1 
59 
-11572428 
486 
23650161 
520109857 
10697 
8 
18615 
-126 
42188621 
2978263 
0 
-2 
2524 
0 
2 
-7 
-19 
1127499 
404246420 
79539 
477288359 
454099964 
995661119 
691931554 
87 
952135190 
-1 
100 
1 
9993 
19 
1466583 
5343202 
217614 
41 
84957199 
105394 
-31 
864 
120990718 
644 
-7724 
605506 
40116 
303208525 
165 
196674 
3 
157 
-133530618 
2175454 
1 
82770 
731892 
2970 
-6 
115157722 
89237643 
1 
-25 
195358 
228448 
324177 
95 
946344 
176132555 
780101423 
1 
25 
679 
14700424 
-1 
513 
1538564321 
-5 
560078125 
2 
-1 
1 
15633146 
234260717 
-115592 
-1 
5425 
2844 
428 
1681 
102 
88247437 
696 
2617298 
5373 
-5872 
31436631 
-5 
976 
-1 
-1 
6 
360 
-172386 
28 
1245 
33432656 
211 
15 
6469 
-3 
628566 
11898 
368680 
36 
1015399002 
-1690 
246833132 
1 
23 
-1 
-396 
1 
4852551 
16159 
42424 
7109 
360494444 
3 
60 
-1 
58576 
2913889 
915 
46014252 
11 
383933443 
26520 
138411131 
-678 
435216203 
-1 
8781703 
-6 
2 
78372 
18316 
5 
33400 
1320 
871620 
-98010 
-2 
37841538 
-2 
8324 
794226718 
138758 
457 
47 
21 
76661 
189 
-1 
8 
30 
39 
362377830 
-1 
318741548 
-2584 
942 
775 
1178842557 
1265607626 
684777242 
5 
-1 
-1 
3 
-14392924 
23544 
398257180 
24277 
2 
-1 
26912 
344168480 
1081 
2629399 
-146 
756 
277 
134512 
-43 
-149 
143 
-1 
255884 
-1559128 
2 
23 
12762534 
157729117 
321525644 
48 
1 
3355016 
2048 
4589 
2340523 
1499713267 
20832 
829129678 
9 
1 
-7208908 
-1 
3 
1258 
1950413 
44336197 
-17 
23866425 
264611950 
1254041 
108 
196823 
12195720 
1327918 
10783 
181774 
-84 
8 
20193831 
2 
35764532 
325569 
-1 
261073150 
2 
5842 
1023 
21314 
9 
-5990492 
14397080 
27749060 
0 
9207 
23390 
2201 
378 
6741 
213 
1044 
-13803796 
495698 
560272 
1139 
2898 
36810 
2019 
10 
7405 
368 
6 
1535457 
9018234 
86746187 
116 
32695924 
7 
4 
2534 
41134 
321250366 
34817870 
1 
-2813936 
367669 
33798229 
2985 
13 
-1 
-121 
22 
29158 
773734721 
1012 
1 
2 
-1154 
646 
-13241852 
458 
-1087574 
418 
-4 
25 
6174 
3398080 
5 
2 
129 
778145 
139381 
5 
5272038 
24 
-7 
76888 
2569151 
177229913 
399003259 
3 
1315 
-1 
3 
24164775 
145187 
8742 
37 
7 
1237835792 
0 
6284 
160339 
24738 
106 
-5150 
6 
914 
-3 
-86737874 
22977814 
1467 
-205926 
178093863 
2479034 
4383628 
3721 
3648 
1277 
123307 
208901 
181 
3818539 
3 
175489088 
114408 
2554 
-52606 
1178 
1110 
1 
-5750340 
43667 
812168 
-1802 
228883653 
18180 
1360435993 
4 
-1 
23717 
-2192 
-703870778 
17786 
2 
7862 
326710334 
-8 
6 
2243 
124727 
0 
139 
6 
507554 
30443203 
310 
18 
-2 
855246029 
90778 
0 
5325 
195637150 
3340178 
12631 
0 
-202022630 
15446785 
5401306 
781410 
116 
2142832 
115 
-10 
1 
5 
37 
6 
-31 
1074492288 
1 
10853 
8 
-1500 
-4974 
9 
10 
46228 
312873 
305094121 
13925502 
3657 
45983 
4979952 
81064 
75 
20 
0 
-1 
77968903 
252 
351575086 
-90 
6091 
8 
24 
493 
2 
17703 
761423 
39 
5075 
1502 
144188245 
-1 
10385 
-76006 
1 
1 
-2 
45903 
301876978 
17338907 
641943 
2525617 
68 
4 
155642 
23188 
-7760432 
10130037 
30 
-17 
30459245 
7606 
35740 
-13387952 
-15975076 
22 
78993 
3336 
0 
-449998 
206816 
1 
-244 
1 
22399 
251 
-12950096 
1 
-4 
2385044 
25492 
14262 
19888 
4 
-30102 
526309 
697210110 
40869373 
83470 
1251246640 
-7 
53920 
9441 
6776931 
5 
-2922980 
-3954 
4 
1968 
190 
75 
661559431 
21 
-60 
-2 
-12974610 
17797970 
-20 
-22302824 
5 
116588667 
4 
-2 
1 
11 
-3620 
5466 
16866 
15042809 
745284 
24356310 
2 
-1396 
344 
-3 
-24390640 
23548725 
2381686 
2 
286 
398262 
1 
-246362 
68294 
1 
16687 
1695 
623 
-174046 
10 
606577085 
1 
45042865 
137079 
247675061 
420 
-847466 
-1 
1299548579 
95486 
189572221 
10356046 
20096 
276872263 
24837 
2 
5 
4002989 
2434281 
99009 
-19 
399 
189332 
39155400 
426 
-2 
241371745 
-1 
599012 
-1 
22158 
2392392 
-5826402 
62143 
-593800 
147 
32 
-866 
444256 
-1 
105 
3 
23 
102 
-186 
10833808 
38623 
12131013 
23194 
362492396 
1957705 
850952 
1101720 
698183 
171808041 
152213 
363 
2857244 
48674365 
2 
-1 
-472 
6 
-1271378 
65579 
8397 
46032135 
348 
12349 
3675 
651914 
15938296 
-24839142 
807 
150 
6376922 
10 
2 
79 
-1 
4894 
63437967 
-21874 
875717 
-1 
41009 
1040 
236559 
2760509 
166361729 
-27 
4468407 
82 
10855 
220 
134349365 
2100961 
559824565 
18074138 
718474 
1159695 
1620 
47 
75669808 
291260255 
6 
2778 
2489 
-1 
20223 
4184 
89622665 
-11195238 
-99 
-454228 
38973429 
41390023 
1072 
225246156 
-59 
-2016346 
7947 
-5472 
82679925 
914 
59742704 
1897769 
-1 
376986093 
142515 
78325111 
-58708 
0 
22463286 
1681 
1 
43063414 
1016841 
10 
-25743374 
2 
206 
-170748618 
191914270 
2777324 
-40 
1 
25 
11601 
398 
3 
5583 
8849 
-1 
3 
-158022398 
15798 
-41972588 
547 
-1 
10381594 
2 
88145 
17 
86620 
233 
15976 
251827517 
1205245 
-11 
1 
1553161072 
15997 
76 
539 
-181696132 
3571208 
-62010354 
277645 
3536768 
1454255 
-516440 
2348724 
12 
2600 
11287 
4993 
1138 
107 
-21 
-234758 
-155 
16 
19369600 
351540712 
-3746570 
728 
29123 
75 
14571688 
1237 
543072492 
852 
34341 
33823724 
9551143 
379076 
78 
803305086 
11035060 
265118 
540221 
67512905 
-1 
6 
24847325 
266731284 
1 
1 
41446 
691 
-132650 
-21230 
-169 
18452 
8913 
-1 
5196 
20709711 
-234194 
53804 
2890595 
-2 
1 
-6 
2800 
10 
0 
1887 
23332340 
11229173 
14777290 
-1 
5501 
-508 
56118 
2602 
56 
13 
25 
0 
-576888 
7752068 
26910 
272442391 
-142 
3323 
1 
269301847 
398930776 
-18 
2 
785610 
5749681 
-1 
916358769 
27 
126005411 
-4 
323721897 
952 
10383 
-44 
670620 
132458 
12630729 
489110440 
1277 
-2 
-166934 
178351870 
-1 
-7 
949742053 
88 
76563808 
-807332 
700275023 
-3 
3580 
1170 
332971 
299 
25494271 
115 
452435163 
299423 
7184626 
385716650 
138 
2 
2770159 
664295 
2647 
229805 
2410255 
2170 
249665365 
-123042736 
-2 
1029869 
281 
-14770 
-1 
4422 
1 
-5895254 
-62348 
-574 
36 
1637302 
199 
15577934 
24489 
14053 
6346 
296370 
0 
-57 
814 
-5 
18120440 
365615945 
987 
29291059 
-1 
262526612 
-3 
6 
7 
80246 
11842 
-7 
6034 
527 
30 
329 
53748201 
-37142 
15846 
678190873 
289409859 
-245952320 
-28 
22679090 
428909194 
86509716 
371973246 
1 
217 
0 
353535 
3822309 
9577 
1109653 
1374261 
922 
-89324 
258779 
860638 
621 
165356394 
9 
0 
1001 
30 
15879350 
620797922 
35 
1563510 
288653256 
223 
21812 
484560516 
-108 
299449272 
544771 
11 
3983443 
178932447 
4 
1 
-498 
-246524 
5 
-12 
16 
7429851 
63 
341130 
-246 
-3 
2 
13459334 
1977 
2 
-4840 
-264508 
16813 
-1 
-246 
9409 
-120218 
38602 
-6037832 
1406 
-98 
343149510 
282450 
1761245 
3 
0 
639384 
256 
117 
234041 
910170840 
-2950892 
1543 
42234447 
-10 
10572 
441243406 
-159044 
6122 
349 
19894070 
9031424 
36755918 
22338718 
1 
100916473 
4 
1 
