1 29015808 60065 766970597 27 0 15 300733 7459 
389362852 1811 27667146 168 3634 398452960 89414733 143596084 1033858655 
105 8 1458 25 1352 6154 1347296725 88 1110084 
0 97 11490093 488450 5 34249 47 9332887 27916 
2413 17 3 3320897 248 10 82181529 173620 2926378 
1001295 23 7487028 2617783 21284591 7342 183 127334 3091 
5178 76508 1 1004095385 2220 757381451 579 667418626 95318 
1 10979 125337194 2 1621 149974 1533 1056903 2 
107 41 9837 84 1960449 127 41934 16164913 31457 
176353 8196 184498 1326258 3458 103 10741982 5 34 
12864 1244005375 65181226 89482 114931 733574 246246384 88192993 48341426 
106801 152243 20745790 1 6201618 1003618231 2506 937 311044963 
8 210760 554059168 1 2976788 1242793960 48130851 5539 124022789 
758052883 88 129645 1801098 165 11824633 18870 337868091 73 
302143 62160 1425855 35127 21 384213169 4976436 48132481 59703 
291169 2067290 0 776019 621118767 27868658 2 81000 83880353 
3 1307 385 1 1671 8530588 66 175106035 1 
80 561912702 529 12105047 237961 666845 18886139 4890 19642206 
57 135 7322594 37906481 25 383 36 11396884 1 
4732 15 19111 0 438655 23764869 19 2 876143 
40264824 12 0 22 26086038 2808155 18 5 364523868 
1 1 1487941 225371 5 2432 22725405 0 925 
230630602 314644 180635 1863 3345658 19217 4824634 1598 2 
20170 2 29 300094 1184009 642905 151653363 2 44 
1478514 33281 278223385 63 190 910235700 189171 329314303 5 
1217 0 151 12912888 150684211 26567 6283 282457157 82 
19352 44 1741 35781 1 0 1311577 3 172379 
0 1 10828875 235978 52 152696 45741 30933 1833809 
434384 24427972 39695871 1124 88913795 17296 11450432 76139102 4125 
376187994 1933948 262847538 22908286 0 1 12913 1023481 226428034 
171 1487 1 425148061 661 2 235639736 72044490 1 
620272 3135005 2 123779574 1017130 9800 1 696145 65 
3800595 901575851 1 2 46 2603538 6416 9890 2985 
708149 14057744 262 304 273654147 11 508973876 481318926 10956 
131493583 77 4583570 190 1 132266424 2814568 149272 1 
6 1535457 9018234 86746187 116 32695924 7 4 2534 
4383628 3721 3648 1277 123307 208901 181 3818539 3 
6 2243 124727 0 139 6 507554 30443203 310 
33823724 9551143 379076 78 803305086 11035060 265118 540221 67512905 
299 25494271 115 452435163 299423 7184626 385716650 138 2 
2 73262 411 111451430 111866 319 6 182920 100996908 
48 930 158056545 4741951 4 135 811036539 536411454 1484757 
29153936 53988 18 92 1359 1349525303 23 1156117 746853151 
382031 35 1088805965 779843587 28839 975280 1004 4555 23987630 
20037590 210080 84911497 8955570 40188 664 46537745 45774 304111 
514381125 287 4 54 667803 3 1675208 287341935 22546 
79 2 1473931 9687 984 1 713088 102914 5326 
18308131 2215 2661278 9 380 3115004 59772144 8440 5902 
5268 3456156 7189285 603 10879553 276090 1 19087 55670664 
33937 7 11 54471 1314164 63829 95 1222341 1119 
2744804 668777234 4257 578852 78418 321211 4445651 581740 374870 
13 2 3690945 109 125504 12858278 126329434 34 2360546 
154 0 31 241165 4292330 1595966 1019624 67683163 41 
257 1096 29303319 3 283 1 1771 374 8 
1 10106430 129106 20985 963632439 18638334 2567 459624682 246 
6077 28466 183578 2998 774 47027154 1417 48543 2616 
58694 9967697 5563318 134379793 0 335387196 972393 5 1507 
34867594 60765161 25146609 15616886 269815275 67285 155087533 183827429 929 
416615401 1735988 871 99309606 6764437 8559 2195065 14277 346639250 
912 370 1417 5459070 1 11491 669503115 1 159352 
315134 3590 64030 53488045 11 298 44 2964701 5719680 
4340 154 383 7756 2419 35 2490060 47 767 
69 69231 47862658 81236241 2435884 17 1021685 3054 118802396 
107955 261344802 351200377 3611091 91 149904925 19 2488041 18 
79395 37 47 2739219 40392790 2541 6570537 1450147 2037 
44335351 1044 1100398904 40558 230 18782 504077 23 6 
102 0 72017039 204527367 0 152773920 2615 54 4447 
570906 401 22081 1433134 532537601 11743 796520389 68047501 1038484 
2 5 9 65034 11935385 413 7989717 1936009 197417603 
24 0 29432 2456 167 66248 591487993 88194254 44183 
79424 75232 12 10481 2 23715 0 823509 6111 
13 1 3 1154335 1509 477857811 6355050 441577 6 
29673 23 977 4021 1061442124 35007028 1 1229 29 
5536557 2536427 116 628 1059 307029 23 5000227 6567760 
49 1 809 135914973 2794 1 733378871 112357294 3 
4524163 182267767 301024173 40518 88 17 148 69797 32561 
1007464 11892 3536119 1 37 229 63 1054730 176950433 
21 344927509 12460771 1 1036752294 5 19859079 663 20 
1326624 1 5 62404010 191 1847767 39992 520 42798213 
13555895 67794 585028286 122231953 452 24294375 106819181 2290711 5137836 
8696269 86457 728049261 3361 369 27 43927189 309900170 39587 
430154 39 9807447 5311 4681815 10326416 9428 982999251 1332 
58 86451447 2 0 163570643 468415151 1658 88 0 
335 50482567 3184 9 60749567 421959414 123245411 365924986 2 
98046032 333826919 166107 41428 1 12402164 47422 0 1 
614585 2 11 5691 450 11079786 27 2606913 25 
42 561755 243 312310831 380632972 1459 145201 985526121 79 
905 23030 1522 49431845 204765749 3372 19967400 1773 85603 
13616 59 53454 18497246 502417534 3394910 2598724 134984 652528763 
34 5182321 31731635 908279 87368822 8916 3217 139302 15 
760 408643 1532 1 14 21452030 12552890 347 644999 
173541799 504 87129429 68573 35432 624025709 118880820 2870 32522 
14156248 9013785 12670 378739 1406 3101122 30005161 4 41 
188 353916598 241996 768 9174 1 327728223 4 127 
635156476 7 5933 1 553367458 291302390 44 5 13 
10859249 2 1 6 926997 757758 43 635394 21504723 
1311399333 18801201 3137640 0 0 222404769 1 1949 12647 
2555 8890 784 2 63274964 778057745 640347720 2 35 
303 351436062 148420500 442332711 298 313 1 23839 222 
123 1668088 1035270 2 4 416 66626 361343 21 
1870819 31 13043524 139031 297 1207044 618 316475831 28 
178375417 87 1 1124251 14 0 9363843 6935 13128258 
140126242 130309 6335982 132574 14883702 1 897188400 64384152 7 
5456 765 167103111 1718964 378 0 17322496 3065939 6 
63 103 652 0 2532 5957 621811 18856 26490 
85399455 252 1836889 7 8 2236 3322 1753568 5069 
88481148 2452 5925 616283 29264 4278 1237244 0 2 
93393280 1 216 127 595 21544920 344 950 0 
1 7 1 165 18 0 6598438 174 18985 
715 93861 11008103 20387 17 41 11869 236 400 
9948 1 538 24 5659307 697 2749 18412597 16 
399963713 360341049 1040 680 63136999 480 755 1 6596949 
32521 156 0 87013 1165973567 5113 148577 27 3679 
7 6508745 628501 1 183646555 319311 86842379 221 350890 
10 73546 8842 126 1 0 7221 2 415 
184301 124831602 785216 51023 155099729 38 2 1377590 790009 
75650 2058563 9066 299052 899810 18 2067 46051 19367619 
5 1010643 271 10026 123 416781 60792 1393530 693237 
2697137 0 250 198407173 73356 958297 15040823 2546200 47 
2159124 4 659954277 328824179 116 62 76181 83630897 1188 
19224 60 88374021 40 2 700996913 9838385 452 189633624 
48652 329 7088 10625 254212 21176575 2696039 1577 381765 
71621 1044 20475 1 9311386 42 18254 458833 17648061 
226385729 53503691 3592 3590841 1227 23347553 1490576 684638 124460 
4 76 0 1545732936 1081584187 87 2314 161318 117 
15 42009 11766 90444182 723962876 121471 16 1 79864693 
300324270 21 0 323771381 5 16887 308636272 70180 5 
295520200 0 2 299 103 331063771 4 814504 6 
220208 1682987 261 76 191014766 27884238 92 55 8815 
19 87 89 4415584 2 7 1137 20591 678242784 
1748 109533 201 57790 21 14097 2 2027 379399376 
11655409 11115192 39085300 30855921 417 8661 43 8263 1 
51585 7815 282224 77654468 41904208 578450062 422273 501727247 2371 
2 206059 2 18020379 2060396 726 34526 5 1189510745 
566861458 805 276046 391377696 25477343 134373 1327740 2385536 1 
607974 747297856 3736 1541497 5029 14 86 10 6 
3 5 1266150 1088086 44188383 2 4 1086 1527 
627 18 1534421 223 20597810 18338843 820454136 18691 125847 
169081 46370513 946 41876 16278 759778 467334546 4750 53187858 
337596 21 1302 770844 115 2131160 398640066 271 734366182 
56746 18674286 25 114506065 1297430888 1 1 4681397 54 
975998 946774 132787 1775216 54 7324 7499195 278 1935 
12059065 7682246 8 22208 5 4560176 1065 19114899 39 
2 178 155 713 191252 935613 1998853 13701 31 
210981 157 30058 118 63373 280894153 78617 5641 2 
1 516956 131318221 29536430 2 12545641 2 58872794 1 
272 37 99117314 1 948803973 1 1097316 181144 18 
2560 22348 12824586 5 3659082 91 48518632 1726124 3652458 
41337507 142 226 1 8 44 38 77517 992275 
0 68 3067781 12099 12 85015 157929 5286 7 
117313 499604919 1687 121 59 955 5377040 47705382 357 
38773726 793346715 41 3461788 181 1110657013 227099 23897957 376 
6 4 722406 35115541 7338 37745379 52048676 1017281 0 
679010 41143 6600 1590360882 1054764457 815309402 1399091 4 62987364 
200 6 248115565 97423422 83 123 48 890 13 
4355 12493138 155 121 189 3708973 14634 6820796 142095 
840171998 29 23418 312997697 257007 97197448 242380362 23828 23910 
2088 2775 251165 1953 5174 695387051 107 60446 10 
25 1527 17 7089 372808 240 41816232 56000 89751 
20770 1118228 1069321 2 46833722 540754 1 24 16 
1 369107 0 5 2102444 60904 4 16776046 2356855 
187949 1 139 156 1199822116 2835144 36 75663 7287 
4 1942464 1175 8 75 3506473 143534 288611 1764 
5733 170349307 7533769 1276429 167008203 15759 251 2565487 110226 
5940873 19053 2419778 251719408 42 1313 791782781 60824830 2 
20777 6666 4808441 722523 35 36378052 28878281 1 14112 
86 190183717 687000 11850177 2104749 12347563 9982 34606870 2308 
3070 1 15059957 252 65 4 1 7414770 341 
325 139 8274 96295 631624809 3120305 138039 35431 42 
1 1130362 2 10 2369872 8385 18173 35597 692366022 
1444639 20112748 15393665 154481772 1 128269475 17612 1 300803 
1297 37 1 1 1116932 1 7721 32778 338 
18468610 1768625 9071 959888086 23425521 0 333586 308412222 176548 
298840 4176 4792 43403 76015 2 30752348 1 10 
342 161767991 44 176 5268500 11436457 428 71481489 30 
97854 1 275609 39 0 1 191724 30 3 
1318912 779 5692 78889 754 70382526 7539 3592578 284805 
753 31 194104 2294776 1 670 6952777 97412 1 
22920 4036 2 2479 5217692 3433623 222358938 156 2 
3438 2 272407 1192270120 0 1436 8 381 353829677 
4 2136 165 75078580 117297127 80 2622 10 11826953 
139420 468 9 1245 7955833 10 8198 2 420 
4314497 19742589 11102 110240 89 355993062 19830 2 534 
186552845 1052920 1175 97 23079967 1186920 3201180 219 1070 
346287 638901 169 105 253 1894748 7 231736 58815 
41845016 282439599 736511 36 1111 29225 84155863 1276880 9813984 
1421 3221118 59677352 5033 147693731 18 350923606 91097 13065679 
189 866 122 10460132 151402 7075893 68 10361460 65639 
40192771 26601 0 284 1371 2 87773 2050 244994 
34975 0 536870 591 1 16496 1535 18 51 
44039 102 170689 9421 60269 339190378 223400 26260 19021 
1863 0 197051552 50617 388303 12848 73 4 38003 
667158 73039 3 5030 44693 29285 343 71988 2 
33164 188 5304 131452 17 11406610 13058719 14 18378677 
8783 1026837 2928 1 166777088 380 6 10628728 1588130 
146753828 1020372 55122692 1 363247642 595652 1030 62568 25141267 
13001 21740301 69 2004 10 202097 48781178 378310 34414127 
582549692 12527911 33743 45 186897 30718439 91772656 17 4492709 
3889 1397 65279764 659263203 4 4 307711343 1656 10537 
343 341532323 31311 1049 560 1509357 1 368256 15337 
25 582 200408459 33600 997092397 166328 20699102 8 1 
12633 11359872 11835 538542 18 3531 1687 45 1172423 
180 800742 10113 1179 23821 276800250 768663 221 109 
6406 8271 23903 16159 123315621 369926458 5292880 265163 726349 
12288 1082 16484586 1946 19700 2306059 0 11235 1429 
1 731362 181 60885196 973 303905907 0 73 1 
11 7 461618 284887202 0 9202879 16580 8 52347913 
31603548 1304 11 6203 13 1537 168753 29144 363188 
12 290 54497 1797701 8672 206 12106 42429139 235 
30655 76845760 45816 88 1149420 159071072 840 222 52670138 
18 1255439 1298675 64375224 159102487 311194517 707916623 2584740 18079 
679 66 38300 10568016 2 14654 226965 13 11 
261 2150034 5994 223 664 9954 601 2979 1442538711 
8782 92081 51926313 1 780 621554 213713 2 8 
14 5705611 3254 782 17971 22274 7 195186 521 
756598 36431382 2671622 8875461 1164883657 19301 125836 1192657637 1150695798 
109400 694964 177 12 38030 36841774 92 2 242584 
28 932584033 4 1552983 55612 9947 23541 47 4 
6856939 1458 8938657 1 582170976 22 63 2947137 10 
280069186 43184392 128 80556 32402 37 6588 3 2136479 
654639485 32602253 4685 542493 46111 8 510 2260922 24146097 
24013 427626252 2 570 5261 163189944 450903 1391404 675087512 
797 423558 286 93114 1239206849 610 24636 347076 4 
34722236 728529651 44019765 95 1 18 2804427 8904472 749752199 
21995408 332 188853732 5863 812394702 1 3118661 1 10 
1 51138 1 54243315 1 177067932 226337 98003980 48066 
6 2 0 529999591 17820031 6892 53654063 28 18466417 
10133647 378 1476 1 313959922 7603800 824824 111 300 
249743443 10 23872 969890730 1782 2555 152842899 19 6027 
233081379 150 3033 488468581 70 241 649897 9 39139 
0 1176 176 39458 5516137 1 2866145 83302 8 
0 12581 87 267973427 124003 50597 768054 0 14684 
6801907 4878 2377161 814504 288736337 92 24 569 86 
55 2914341 130662 1949048 5753 99499404 681 894831724 54775536 
28144702 1 10467116 1654252 1096921921 233103 307131426 311 24559511 
96263514 20 13832047 107467 1 37 3920 177568885 3240895 
2988852 319113260 5556226 21513 536 895078782 266 4635304 431215 
353 2518 5 98024907 4782 173364560 357936482 27 681 
4 1124 3924 379 146200077 970794403 926414 2 124427 
53 11 43365 3 137 40091 22 2135 230948 
1 177731 28 1104 4453502 90697411 17 14948 799076713 
4402 10539 147365 23 146031 186 365380264 8133 68729 
14 407 48629190 3313204 167 4358743 70235 9246 496486 
254017 114150410 0 785073533 4119292 1 59596 354500 301077609 
12240721 33536 4103 152233 413 3033274 934870 118 39694027 
1 376997489 612 6 1369480910 5 319222 18669380 154774602 
39 22 74 638 7964767 521615 317 854466190 527716193 
10 81 4 103 87933 8 490732 1849 85 
1415210 75 15 31506662 490 328 242527363 1 5047 
14 187 942338 275 729512 1294 27428571 15971878 7296699 
27710931 123943 16710 176695 225239314 563152080 23376821 61169232 25618 
34353270 14851 20250 9 76138695 212 44982651 0 138894897 
1665 309702 17585 2 5954 127 1811 295666 214519 
245460 1551993870 44 5316435 8791 25 944 583408 203 
20629003 661644813 136 124 33041 956414 0 639 58786 
1330 594 3857413 262390362 74145 12 3157053 18101731 56070 
3242 6297435 583224530 69 7531374 3139 247177698 153423 2445 
33149 215074 1 131 155074 57 1725 11 118784434 
0 0 523145282 347313 24091 6 2 53492044 66979 
377069 207135 5 6 332340126 5684591 622170794 2632 1 
282 2665539 171164 366 1103879 47341166 13422 345947487 63615 
5021 3065 18 69465852 117919 8 11667 1285 4 
46038 17533 5 88145 58 238 36 33280747 10 
20 197965 320 578 9174269 36476 477 24 17809 
1419 39 30752166 32548585 98600685 15507080 5 5 141276849 
309612 146 709 270916969 29580 1082288 374 146427655 820556 
2835 19996991 69010 41 709 2032151 2494 594106 44554 
4 20862056 69247772 765925970 6055 32 18494195 1165200 60693219 
224 0 177912902 165743 44503612 2615 2188 2 2681603 
10362 338605227 712674 1388957403 166214 14 1 2416 309 
175 216814 707229 10 16 4581503 23 93623 165455 
173261351 7528 1374 10308859 67 136748 1421 545 19938 
5 57251 173 141 87887291 15765172 5 5306 2497883 
1191917320 22747 2012 1050 13914085 1129474 137754 25 91156536 
11187 145246033 0 1148497 0 43993 0 21 798646946 
59634 5414630 26629010 947027838 108202250 0 2329691 1 4442 
38 273 32746278 45071 186805115 51880 69307406 4019098 38382 
1892875 246754 23526947 85932 10308 1 5 927 9931 
15581084 320104585 1043 3 22341 319065907 17617 853575 36764156 
518006 7 183 4 18 78168481 14 650634690 15106708 
6197905 53749 23077 140 719926925 795792 115449 178066227 37325 
164 261984769 865694857 235571 96 21 10320814 1218770375 2544 
8381341 214 374558 10 313 28 92 17 42993 
20607 1 182410842 299 65961840 342582901 2 5 1 
2625 164 2 27 20030944 8253 18171 1 481 
43421637 1 42524 35137 423 45710318 19 718227 393 
33385 35 67824665 4 410398 2 6891 33 2 
1350 72 1 36866732 194199175 1 3404 1491503 5879 
2392 8418 1530408191 737881 1083452292 480261 1200 19 2 
5 9585848 1200 82714 49034 5 43693 270538172 678370208 
181965 1109413 3653 34947 5444826 170382053 69489 60646332 98348 
12 2740 9558 1092 1 1 640438057 337943733 2186 
996 1355 9093230 3249204 7 58754518 4318 9 1539801 
5121008 141 35877011 77561 4 4405 15401026 205751381 0 
256831678 20 5 388705 1 54542 268 16086 1 
18794 387669 39 370016970 3 319 84 5077 1353 
567666 10249785 23980 18320 2389 1201 1170048 2 2907107 
344162036 17 3470427 103 24228666 4499287 1 7 5 
18560589 178640091 4 2202 811703292 202897 5 8218 203 
130 51372865 23576 650722 5062 0 22527435 110501 193750 
172665 10 190386 41 3974223 97749 109397 118 113 
39 57969002 60443 118 249578684 1 11 1154 413556315 
4952579 1238 6870 140374190 1032 268205 23744 6368 38818 
124092064 122 4357389 1975218 1496 595395 1355442 702602890 1 
576 58441065 21570 40 43794 797 170404 138 351071864 
23567 38090980 1 2 36 46403 72132 12171619 371689 
1 55 92532047 6356574 5362921 1586934 15352 1 0 
2238850 181 1486 2 2356 119881378 154432025 114 1 
823497 87990635 264221258 214815 8092106 72137 314273 0 776308 
2271 1039441 73324378 3 0 805 11280 2746 76 
107 1192334 2643756 136158 46636774 8 44316 5 145021 
1 6 97394980 1425638 1 6028731 131996348 5351 20 
1203474127 21 116 2596799 256961 26778 2 6781 116 
1 4713 2 3042 613840 10 5760392 312697 2265210 
36156 409530154 50 45591 973736485 16151562 854626 2025989 1512 
64430 7116 795 5128818 34095180 0 166468458 1530295 84 
166 18 26 541973 218691124 954472444 2779343 153153 0 
178 557228476 9796167 176315260 23575 1054 0 1 1431 
10213 1 2 2 45322376 14 2 852 3880603 
700773 17336 39 379535822 11091 8074124 58995 1 48416048 
6 14733729 1 11 648634 8 43 3185 20850241 
666026 578624 46635 740 1 3574 82 43192844 9851693 
2 37699731 80802849 162 23 78 356548 49979290 4445132 
104433 22 99 14706567 636222 40 711 342098 22161269 
0 1 21 77953545 95222 19079 26606 4033 7945458 
445135778 3 204323 102573 9265 2283395 413744 31976 365760 
25810336 18773448 1 44443 343542681 179444 73852 957 2991762 
26612 26 19 115 19692898 11860319 9836707 1026601 609895939 
24 361 36779960 200922 9 1 272208561 8040 5918392 
879768 1658683 121 416810 27763694 8 9172 448987231 2748179 
5 915941 396893413 729989 47262283 3334973 18 8765071 1057074 
1566393 9 491 8140 124448104 20 885564 4055 58142238 
4398 0 143700481 22324 737089 1 43412585 11325 42031 
1815489 164 751933 790977 2 2 40118 22 244807 
1 37932 7075 1821 276 21216 9 10364145 334729629 
20606144 3868001 1 2723818 177398 86655307 19755 16 32470877 
24921325 368873 266618305 4045321 18960 715828 2 98 18495585 
646973 991213 16132690 290984 375846 2 49 1 24234990 
300635540 773 1423 543063673 447299692 82 11254143 2 1359347 
871956 51139 622 1564618 85 64173056 3 1646712 49641154 
73 28944 73 73530560 15800 56825869 116228 20 4189334 
10 103 2529740 76799756 252 524991 346 245146020 377356165 
13480178 3657 155671847 1 1151575 43675481 38706223 85 1746 
56935 11551219 863 9 171846151 1016754884 2244 3062344 23 
167 35313864 710 983 90044 27814 7 8459817 20330 
167249 80662 2737035 1288294 2475 83919 213360 144088413 367913737 
44 755409645 22560685 1971 29470 183665280 87432 173 26345 
95413 213259 57 17 62 712 2009730 1 1368041 
712424891 10529661 2510177 1272 1002 506817894 137763989 1924 588633585 
156 1 12318803 32 9010 4 1 2127 87148971 
311643401 54177 66 774447039 25758714 672109 46 35440303 29334032 
0 11633 16 11546765 62 53261 1466 63806 25 
2193111 991 755438894 287420163 901727727 1755 36005 134550906 125986 
1050359018 3036452 1 1224 125147 19442 17058 333509216 2417 
399 372 2929262 473478 288 202931 39 36754135 6233922 
8121158 105 2 725080 10 3 6296 2 12 
12 17050716 52038845 6234491 15635 1937 39 62054332 772 
72 289766 21676 1 7250222 378 561391958 2271217 25035011 
138255857 82 95749 164 560858796 86683937 5 657 2223 
163 11835175 20741537 37708783 82581 1205172542 2 38657271 99444 
18082 4421 49093139 2742 22158 21936 324572 3 21977411 
37286 27398 38 158 254153953 858343 172858 22354 1676714 
9699 97268738 0 51445 134231 94 6195 4 27417166 
2794029 17640 7558 22 93 2378778 11626907 5200476 4988 
32 4 99 334503839 8876599 18795679 1 4965211 140090 
1 11760557 231 27 305976 35391 41 12267 7916 
14 0 11 124330 23 68209 675755 5531 88 
1443900 138 1 12 600 26929237 547196 5 21126 
42076 132138437 319 377949950 132905764 33902974 20 39 22533412 
16 24332 42716 5670 1996 1170093502 28362 36077744 52706 
35912 0 418939095 70541454 779398 79174 693 5347075 104 
21 1 29930 61 2 11 21901927 1397 4 
253 156992278 1 210007898 249 915274496 142321154 10186152 76 
153026981 118991 12047 199 125 253081446 4 87 175027029 
18 3035063 59354302 11 391870583 46377570 22010436 1 0 
1990899 41 11 660 12 7 474 38 1660957 
139 75033797 16320 706523 5896240 3 19862617 1738026 9 
45 22074146 203510 3065 1451040246 664994434 5332 327104852 92255339 
1 3 116643 315860 150250 1217 2 1228458307 167531 
15526636 0 14 311194235 2037393 232125142 2965 400496631 1 
0 68669 1 4177750 35 874817 38554 843825 1 
267144620 61243 20 151 147629058 384638176 9471 145198 19599 
7658400 4729 34 0 1909 10 1219 462581 702559151 
407869672 706949698 239 76135 14017358 359 75555067 13656 1 
4 8 47148007 6083 4608 733 5466 2 1470 
664069 185 1738738 41697 315592 275902 1 174 774 
55508314 550922 1314477657 3137637 15563 51803 329966180 3 6420480 
1 4470 214622 108 1 18 42603 9684 2 
2 247932945 401393 153051006 4 69107952 200288054 144 2696061 
318115830 598 127273 1245 411697087 122974841 174515 18 9529273 
933 3400 234655154 2416659 1803 4 1327706 4750 17637 
22295 5839018 141 1513061266 47585 124 6915 294 3744 
3535 1378889199 1385 200260 4 2661 14262 1307948365 907 
688812543 332797 241 9105092 1280 2 32882675 72676 176524297 
1254 4 40530 91581 5744553 4 1011 651 6112 
34119218 49478 74857901 1 40 1506727 1 134 43322642 
39 2170 154 5 697724539 158 72 1210 431393 
1 2 2126389 10831540 76984 0 58 4623 4886266 
19976184 176180 55163 23 51 1116985153 1552489 128 40 
687 443 3669267 588966274 267124533 0 27463 35 8793617 
181328 1324260 0 20484738 1260703304 140827 6265 6 27747895 
1 11772 131 4909 1373126883 190897 7725 95955 3742405 
180 9250 55459164 1416252218 412807 1045 213970 101068 160 
354 1568195 3210 1 2001874 454 945 265 2071 
363571870 129 84765 2231 40 125 2 11 3105599 
12290 252 22569937 127 5128 396 3 1297304 43 
413809333 14713 52437 10814 14 17369443 36874178 6 1482427 
369 17 18 5 544130061 4 12 76400054 21 
17 0 1272 244 28 56 2728 121 92 
86928177 77989 5189 11044 6489412 26145612 401258367 1 522841 
74 55 726 83 595 303756945 368184 51451 30 
0 1 230678578 5282 2677 572066 625 22022142 0 
9 24871683 191 7760 1731777 288290 6 809151 82212 
298785 2275 9618 1915 401403 83 1252413 184 134054 
7197400 350 1 2207959 669255066 3110414 17844 15680436 4 
9838568 242 2 1 56047088 120 387 9376161 41123 
22 190 74704 30 311 65 735623 1350 3690 
157540 20751 157 296850 149195423 313 1304111 14392 11 
161511 37 7 1 5359 68 13 3752886 143692 
38 631084 60881 1382859406 90833743 159501042 6 158 135737 
1 391 187186526 11332 97 79566363 21740028 238654358 1853546 
10 5 350 2 22389 340 5 844 163835410 
168724 10 67189 18105987 10680109 365 126139 899226533 313 
22 191 380 2 15320944 8 44 29 22 
132406 1257557 1378179 7 8248763 8 7 2155 206 
22 54644 47661396 13381 214 341012511 31057605 4470526 16204123 
25 608800540 1 326117 1 389901 18 26017 0 
30603384 30252032 1679819 1063872468 199213550 113879986 0 32 67148 
651 24 6785 150947 84708 24009 224 3554320 9981 
8217 5327205 0 252683 74708279 0 2 174429782 32285 
8890991 1269815 1491 12612 307 4035 37903925 0 2805663 
8570 3 2 13 4548197 1151 5381 15755726 1 
439293116 68 348419899 1477 1098 10464605 179659 292061040 30 
230502 23544689 88 6672 80298 7899 22 1118 75 
1 12284 163610 77664033 3727 5245 7675492 183527 24 
76 79745 46753 8648942 2612541 9 510669 5 22322 
550434931 14430 1216 8 74650848 35859 456210 255474577 2268 
43419 7520 358454329 226155776 55 736 103875625 29455 59383995 
16284 1281 927806 1029939148 1 274012773 5 12 70220075 
1876 46 78147 2541244 3787147 13879 53 8687828 70153 
13962548 196729183 72685851 462 261 100923 81 8142857 9 
18 3193067 158616 2 98963 1623 2008 65 35 
74388 3 10543644 201 15405 1 19663 220379 86238045 
363854324 598933 4885860 14 7267 45731334 784 125 30783 
4 572 147998 44598552 228582832 381233 124002 49 59125210 
24412 1619442 14918 328919862 291605187 375557874 1353652 19 13894712 
1324029 189188581 1633711 596 1968 5414325 150511041 108860364 214603993 
17539 1199856 26387 77145 0 32983699 350 66454145 32351 
102952856 2657555 443 11217328 6126 689 63 6 21 
198104795 59604 38378560 61 6 34145959 699 271 2588694 
1089803 3745 640 3159810 8 339498 20005 179203171 83060574 
7 1 600 8 74 1356721 2 4 7 
262869 1196 4949 31 2295340 10255 4277 27938702 0 
18 16 182 608086 27 2974 5976213 95202 2356688 
59 94595 713 841 289204321 37529 279693604 20058 45481 
2 1449811907 297885516 2431196 2576811 2236142 3 1496925 15 
1256712999 1428511030 67316 240 7 733878892 373343065 32528 2087 
724128 605015 1 11712 1516185 476093139 128 48 48553 
650837 490599 81 1 25979 1 1 486398210 2 
6372179 433 1 126944 90248 356 1030945227 197 12 
5222133 11513817 97982837 341 7 1317 340786 4623 15273155 
199743 183730305 174 1 13121856 403996947 507 225 34067096 
34 44 896162 687219281 11723 46 362353 154 35492446 
79 570677 20 615144325 731640 94 302780189 68575667 20880 
2 1 1020 2 40272 9799694 2723199 25840017 85868102 
768371188 386 566 48313977 628766306 5300 30832 117 104 
42568 322 313020 63675551 8421388 3 10 338765674 515 
922527450 13288 235 2636 650900061 100056 1071915171 5652 6178 
717186 19650480 2374 23478 458 14190 1 251202 16077812 
22106 4527 996 733864 136184898 2358 934 819159275 2759 
4 45465323 47501253 241314 812154 324166077 1145 313912415 750 
684 294258 215 307890748 71042 10 277766 8 1823 
559 113566229 1114787 1223 1700 4598223 10062 4 57 
2772369 175 203 172721 42 18237 4 380577319 1 
2694604 2 3012 19036207 19779 6435 6 29267429 114235 
34896 10454 75541166 1068508 111869 572252668 8 369445 85273035 
113 15005409 325 1 218724038 612217 36312653 957 1368438 
914 716447 576141 741 3050553 1027596 4373 21 103 
1077 239 145 807424 1 44626 36910585 1436884 1 
43563 88563 936116258 1 5366 378725 32172807 22377 89 
14 3881380 49020924 290561 43825 735803241 5 0 8 
43540296 690 117267404 4158 640418 1 23 26232947 94141 
38102278 46929189 305609 4 3453 5582 138 1134 1124670093 
4088670 2196 9211654 73968 200712 1999843 27547294 31 3204 
1 8998 115538806 868687 2 3 156339 3148 23 
244412910 77984940 1533795 24682770 675 82920 292 2722893 10099457 
4580290 27145594 8926481 36 743048 2076146 10511660 1273447 971426818 
12181 548775 138964547 5 2941 2585818 11397 31188298 10050317 
301727872 8 2 812975 24827759 33473862 25 46830571 274 
1029283 31350735 52324108 287674 1 1035 79893086 3190 233 
3448 3047659 4 158308447 3547317 2020126 17921 5887051 3319 
39074328 482946663 168 5 163383 996150018 4502085 355770789 2887802 
369717246 222864 43600042 2342359 1547739984 23222878 287789251 14 2 
13 288829212 464877746 2 2171 586 12306815 395504027 752328 
933443 410101087 197 780861887 784 510102 1085648 407798 1848 
4 18 74396 77223864 71060918 4 9 449298 52 
26903 215574 44 6378713 6795749 139 7 59403780 21 
29348 23671580 55335363 703 52 34141 4624 6665 8 
157 88 331418 4 98745741 1402353 85 346469327 8 
3 6 5 1632507 3069127 806146 150352 2364822 2462882 
202009684 630072 36112 147 8 346870 492 76 2 
2 5 4880103 143687 10587533 79 341 46192346 29227308 
1788 18442 506120 2808282 10493661 2975078 0 169430 1527 
1524 4905 12408 3952287 3 1197 261234 24 342506754 
1325578148 1 291520660 1 76584685 396 49425317 1686 1162746018 
3824577 296 3091490 45041185 21 25903364 12332492 1 723 
14047981 39822 4897 172605 1 22756420 640 22046385 261263 
1 4 148630836 1257411 47562126 46493270 1864 1 390079 
10423 233 72486 14 3011004 265 8663 34100 8 
43614938 5203 13 833630 52442 411204582 49 36 1 
224381 97735552 133875865 1 1215596 21151 60052 0 19730450 
4 54894015 1265 3 55952 21476137 1406295275 1 2604 
1315 37 347605 5257562 1371671 9 265080 2949953 89 
35804 14 19 39 2958 72 50321008 32948 12293898 
7 261030774 59 2620881 297854 3682291 1 3563 6556869 
5433 72043472 5086 97541090 5 836881 9 100846465 0 
7 1130757 42440 1 1 2 3980567 19831983 5 
1 9 139699 95724061 122 1 7 1357 18532 
162021 6168898 296619367 5 26 38863261 426559760 41803214 3 
23008 151305001 23650 8076 749819 9 434382391 1 20 
1114 531849916 1857 16 151351702 3585 2 680 583 
43477523 311729261 2247507 10880364 587141 767 67 8954 591072 
416451 1494653 484870 1457 4414 90821912 522 0 16 
523060 1463 4 712699 11 2 101772566 2 208530232 
120874702 28 248779026 6104 4 5535118 42 16208 272393 
24926922 0 9319 59491 4777 41209 91 9 3541 
3328 4726312 120 18239 466132 4455338 1376141788 43727935 2574 
33713 44 2285055 54670 43 6 0 737 1 
28711857 22 125 6 12098 714581 1541917 3403875 40 
168 759797 134227851 204748 1219710469 43 117 1380564 1387328 
1 36 3 1 0 16732 9038674 1390 98772 
866999 20201490 1 117 1226770 33172 30 1426461731 27080704 
76505 64159 1342630553 5 2685 20 1055246 2055 3853 
746950 124677 20 10093 43221640 15331307 33149462 657381 611 
208331 14353051 17852 32977 10113512 3752230 546130468 328595833 82 
161146365 1 274 75958 837012830 8331350 73 646802 4 
209 2609 67137 16 24760766 545684529 458 1800 0 
61 268160116 5 4616 2415481 55026351 2 5 4 
1 93 35996 1 865 16655 22201813 2 5 
600 4873904 142 2853 265250 103782 3 2710 669 
376 700222369 133697630 262 1810 0 544117 12773 1 
8 610314947 8 1 43812562 1 596930529 0 109 
123 762 226 28461 61272819 5 5946 1172086497 1800 
46098 5987884 294685 78 1 66586887 58233435 171681 473104263 
126771 1072 7502725 10258 32 8896498 14620116 17 0 
3016764 8927 0 387343 453 10026984 1 1456043 0 
1 191509 10795509 85287 3968824 694960184 19532 368995 1 
13580448 4320 147700750 1492 58485614 48484 594136 398661273 11 
5 2 98147257 143 416 670 0 67 8734 
95 54 156595933 3264867 665984554 474 711607 162 16645585 
41628 1778 1635538 1258941 42268115 7 374383 15 1015 
136192 16851498 288672229 0 6 5069 1242 27511 4 
482 127967198 52342314 63394682 1413119740 22 169 79 2442838 
290 4074851 22671 3 438257079 587285 92961402 5950 8 
1401007664 0 7185823 9 372743 42203 2 10 326397207 
6422874 594771495 33 23391959 2048800 983338 445358 10 8 
1422527 4165864 7839 2940577 0 2630943 688433 2449 78 
35 19669 159 172317 4 2376 7 84965 26 
8731 22 1233 6435 218241 204 306733725 77964 4788734 
24848741 2068 0 7734 39796804 4577989 2 82105 1 
80860375 39589 13 1570 37343816 6577858 1448306628 19270447 37954 
778370 679 311 9451661 21014569 14687545 740 380 0 
28 83 73145752 372 58 589485983 10269 429 1740 
297345732 4 443760451 46850 164912573 2 501807 39484 20199 
25 404847292 7744647 394969029 175 7712 3 4225782 1 
11248 3421947 630473 110900776 1419482 1359822 2256564 243523 83 
12 1 1822 230898657 3769973 8962 3 5 3846 
233866 190229 111 20388377 0 14 1 8973 56761001 
746 788504 589724306 11 5 716 28975549 8 18 
19627404 528063801 42 40 12488758 4 3 1 17452 
24165963 648 13891855 1236835276 858334527 19 8 38606263 104 
8089 150690221 2891548 159512 389083 373765 370194580 268 11589 
5123762 122 10932 21928 325 375111 117196538 0 0 
2 11 135013702 356 222 479933 469323172 7789956 429 
134 22893 150 3781 323688 37153003 43 1193817988 214934 
41 42145491 174510330 8299 5655269 2 2044 174801238 101299529 
178385 12 23 93322 1439 5850 18536252 11355516 21 
24158 2 17 471935 268529697 10 846 3064 700753693 
11142 450099305 762 734067 48690594 112854 27467303 183 119111 
253151 52214 7 159 7717 22136 388 80 610047 
3810890 70 187048552 538579685 154840 3025 1 152963696 8050554 
142 1 20 1560 195209 131684674 1 11235 4358587 
1306403 1834198 48389 1 249435 1355 600633 23194978 25 
1 334306 1834186 93 6226900 90 84 108209 2302705 
11731242 67 392164 8 69 21 430711 586 737 
348 1 11821 2268581 161218 19404 11931762 1105 235843 
208 4 1368016 27 1823 387221 650113 74 22047135 
347411 19875458 21167080 56 77105200 1216732 54438 1401228 542101 
207193 198328315 2373012 99455339 17975 1153802 1 438113009 23 
119729553 41043227 165276814 140387 6406868 68897 37686 1570976 3095932 
85 481 2546493 31918964 0 5 2884 20488 37652 
11762771 160745239 600397 196922453 1877849 2442411 11256 9734454 551635927 
4632 396553986 37636322 1500494 4829 3 96021324 222293 57427 
34411 7348519 7631091 24017 3057864 27412217 1124 92440 2306106 
701 125935 3787780 247 1332248 58489151 13 755048899 57498 
1038 2385738 1646 627521 3728143 3326504 43 401549 70 
6468 129246 1727 501 661164 1406 3602622 10578 9250939 
592164 4 1 92843 6 603163172 30 1 24021 
243 1 196296 95259 158 3784870 715373350 16 138 
5434 617132 1528 8217253 15474950 285317305 483406383 82280561 3462 
40 236255282 13391796 79 5 3050772 21806239 1144 18470933 
168739084 80830451 593 28966 59857364 39643826 21 5050753 352670 
2 142 21879786 6523929 16363032 350 1 2059639 7969340 
43272 1 1243 6032249 2 24323336 192342 11368 74 
34003825 12779257 2935 18985700 4 1 485434 44559 1 
1831 452 99399888 7782668 2 68120408 48869 6569 666827361 
5 12130 1525 456 517 570842 1 5 1 
140340 1 9931 156223909 5444 27 14308 138 214 
1079158 29844 2875957 136 2532 2909 9225255 12 42186 
38077742 24728666 339613898 411 52 1177743 36906179 17 7 
383 29902 290127 4142 70153114 214515 619 32 1 
12 7220 977040669 630034 560 322 8903450 3464 3585 
2805 111 7526798 5063688 44 615 39 71606644 1105404 
1084817 161768 260923 77 246378612 7418524 4590 597941118 0 
2338 33 1848 251056 357863 6405741 152157 75259 1006117903 
182 10 3 116961218 348737839 2894 83 11508310 4 
71 101858 135344062 7235413 8 307 5280 116138769 2 
0 48 82626076 3 675470659 70016 9122 602409178 79 
10347546 56963407 1787 18419 6253704 5499 622 154808 594554 
16 976558032 411326 39602864 5347 5327 189927366 2700016 2240 
180214318 85398 7001 5 361434 5698502 927508687 71204518 3047607 
45533 2 3763 157 3 2814 24693383 204848866 79 
1343356634 25000 420549200 202941 175 1187759 12 2015 555294 
477 2457 13 35 3013 1201761 1 98143110 4429879 
23159 305145 749108241 4860 529 1 12 2161225 6 
2 3035638 1617196 1 1 18345069 2647 24902 161 
227 1669393 5 1212545 7 3725 69180632 23287868 386 
617436 1 61934 2483395 41 26855167 27988 684 122113642 
1 79 771 178 33 47952 7 4427 1 
727 407492 253 289733580 5850029 4 47752671 673181 111737204 
24287 352602 1 379728425 34823245 8987255 9291266 73505604 9782683 
2189 0 1485 679 10861991 115615 120872081 177 43 
184387 9784 16650 718348245 108511 6506 26731 153604566 66645 
13190 44221055 89 97502 1 24733 7748877 4 12 
58306237 8 9484709 2121587 28478 20662177 31914 172734173 159674 
1 11 40 303 0 659 1149596 5 157146672 
1334614 547 2390 2841269 3 356 46298029 30142839 10 
5 114 3240295 2484 487 7182297 198 3538 270671486 
137 133438 547 5113 430222 604 13344 5 15 
34 2 1 1114094775 191 87123425 586075588 1372508 1 
11504297 8244 62605 31 233434 242188750 757 130440 4798747 
36 729 11308210 1 24523834 507 9912203 4 4070 
20306123 22 0 8 2317 0 10 6766 21799 
2277 11982 505 88684793 1 318 118637 86 105 
667837 1012 7 1349187 134029 205538 62811053 600 1254 
9442156 952525 95 101074 1015 894589 296661831 16488581 245881 
7701569 1 1 135258 33500855 373 322015307 97215404 5057 
12891 1 214 4 849701022 633 131 604144718 18 
710477315 752 14983374 45428 207497 18462878 1 45652 1445 
83983582 428389 159 6 310142 3082171 2384 1761 2334166 
