3.3430806823655485615631732798647135496139526367187500000000000000000000000000000000000000000000000000e+00 3.6820365141032766550779342651367187500000000000000000000000000000000000000000000000000000000000000000e+06 
1.1091418562178982920585212923469953238964080810546875000000000000000000000000000000000000000000000000e+00 1.7759374374810015735462206200099768446282301969373643769706427576963250735326159756976335346926544058e-189 
1.8862694535713273591426286657224409282207489013671875000000000000000000000000000000000000000000000000e+00 2.1642417553494945168495178222656250000000000000000000000000000000000000000000000000000000000000000000e+06 
1.8329043164734883930577780120074748992919921875000000000000000000000000000000000000000000000000000000e+00 1.5110551442856494721378836474272779994121421082286759558605987759807611985744363520000000000000000000e+83 
2.6082922333563374195364303886890411376953125000000000000000000000000000000000000000000000000000000000e+00 5.0101568048933159535894098444535566464567956351625896494793926389198577769801318400000000000000000000e+80 
9.3139839141840951697304262779653072357177734375000000000000000000000000000000000000000000000000000000e+01 2.2981793027291516628984879844210809096693992614746093750000000000000000000000000000000000000000000000e-02 
2.3785594908317344575721108412835747003555297851562500000000000000000000000000000000000000000000000000e+00 5.8149265552091186176793066712391729132751119170313438948706026080826698425113636721517443069744391800e-85 
7.6098886832915320610482012853026390075683593750000000000000000000000000000000000000000000000000000000e+02 5.1890228525340609255778190345154143869876861572265625000000000000000000000000000000000000000000000000e-01 
2.3539590925878508542723466234747320413589477539062500000000000000000000000000000000000000000000000000e+00 1.4977935007030202541500329971313476562500000000000000000000000000000000000000000000000000000000000000e+04 
1.5894420916890301676005492481635883450508117675781250000000000000000000000000000000000000000000000000e+00 5.3670415116019904613494873046875000000000000000000000000000000000000000000000000000000000000000000000e+08 
4.7092706966104145749341114424169063568115234375000000000000000000000000000000000000000000000000000000e+02 1.8911953724601855419962248561205342411994934082031250000000000000000000000000000000000000000000000000e+00 
3.6911617625922059460208402015268802642822265625000000000000000000000000000000000000000000000000000000e+02 2.0620690062431767941575344593729823827743530273437500000000000000000000000000000000000000000000000000e-01 
1.8046076955768097782595305034192278981208801269531250000000000000000000000000000000000000000000000000e+00 2.9679878939447062452115962127852100138625246472656726837158203125000000000000000000000000000000000000e-06 
5.3592449128251411494261446932796388864517211914062500000000000000000000000000000000000000000000000000e+00 1.0280818091236093307209973927445639287070466849627337069250643253326416015625000000000000000000000000e-10 
6.0924300228343835073019363335333764553070068359375000000000000000000000000000000000000000000000000000e+00 4.3923004112109588459134101867675781250000000000000000000000000000000000000000000000000000000000000000e+05 
2.4817021174395389238043208024464547634124755859375000000000000000000000000000000000000000000000000000e+01 5.9436555925706298798144588957370615389663726091384887695312500000000000000000000000000000000000000000e-04 
2.4914858433416595673293159052263945341110229492187500000000000000000000000000000000000000000000000000e+00 6.3283599017989945423323661088943481445312500000000000000000000000000000000000000000000000000000000000e+02 
1.1202312307083768239124310639454051852226257324218750000000000000000000000000000000000000000000000000e+00 4.5505625971263938822630734648555517196655273437500000000000000000000000000000000000000000000000000000e+00 
6.6677213154053447397018317133188247680664062500000000000000000000000000000000000000000000000000000000e+00 2.3575839746495947837829589843750000000000000000000000000000000000000000000000000000000000000000000000e+09 
3.3503604023554864888012616574997082352638244628906250000000000000000000000000000000000000000000000000e+00 1.6436239145077362611147009374690242111682891845703125000000000000000000000000000000000000000000000000e+00 
3.7045928870771445140519517735810950398445129394531250000000000000000000000000000000000000000000000000e+00 2.4305160884227799966694760769314598292112350463867187500000000000000000000000000000000000000000000000e-01 
6.9049469797474616328258889552671462297439575195312500000000000000000000000000000000000000000000000000e+00 1.0469596844288279724121093750000000000000000000000000000000000000000000000000000000000000000000000000e+11 
1.4197037654900530601054242652026005089282989501953125000000000000000000000000000000000000000000000000e+00 3.4187869612896514749254488691195772451583700934918397251749411225318908691406250000000000000000000000e-12 
2.8244022118154572531523172074230387806892395019531250000000000000000000000000000000000000000000000000e+00 4.5147314912971437186883782999302638927474617958068847656250000000000000000000000000000000000000000000e-03 
1.1240828962950921710017837540362961590290069580078125000000000000000000000000000000000000000000000000e+00 7.3601458648405263903347829767630429779325644804850268548536766356982987786838575676752936505173520621e-150 
1.6001055335634144505263520841253921389579772949218750000000000000000000000000000000000000000000000000e+00 2.1653367837449335325805677143762295600026845932006835937500000000000000000000000000000000000000000000e-02 
4.0293299758150673994805401889607310295104980468750000000000000000000000000000000000000000000000000000e+01 2.5436425285299897776358779566407974925823509693145751953125000000000000000000000000000000000000000000e-03 
9.7514009846380442780855446471832692623138427734375000000000000000000000000000000000000000000000000000e+00 3.7294041047111052274703979492187500000000000000000000000000000000000000000000000000000000000000000000e+08 
9.6839376027955914594258501892909407615661621093750000000000000000000000000000000000000000000000000000e+00 1.5591791165478719419247864781708392815248575690324078779624983326357323676347732543945312500000000000e-16 
5.0710569792287181201118073659017682075500488281250000000000000000000000000000000000000000000000000000e+00 6.1940180366990862228317352755803263178457918058938957983627915382385253906250000000000000000000000000e-11 
1.3863348538654920449886276401230134069919586181640625000000000000000000000000000000000000000000000000e+00 4.7996159446989499379205341448842667181473093014629210400442703487145616814623987961320449630865064537e+199 
7.8244222442552437968288359115831553936004638671875000000000000000000000000000000000000000000000000000e+00 1.4165233123438258644455345347523689270019531250000000000000000000000000000000000000000000000000000000e+03 
2.6551483776679226878059125738218426704406738281250000000000000000000000000000000000000000000000000000e+01 2.4073685166228666053615456443814935028058243915438652038574218750000000000000000000000000000000000000e-05 
2.3756947233832065080605389084666967391967773437500000000000000000000000000000000000000000000000000000e+01 2.1419513033197760980070092749370444518142164724849862977862358093261718750000000000000000000000000000e-09 
1.3800738235579849799705698387697339057922363281250000000000000000000000000000000000000000000000000000e+01 2.4076616666607563778311315707887891467801357546496543449165983474813401699066162109375000000000000000e-15 
3.1510650190331777054097983636893332004547119140625000000000000000000000000000000000000000000000000000e+00 2.7762018684359655761718750000000000000000000000000000000000000000000000000000000000000000000000000000e+11 
2.5485762941452714258616651932243257761001586914062500000000000000000000000000000000000000000000000000e+00 1.7765216945251454599201679229736328125000000000000000000000000000000000000000000000000000000000000000e+06 
1.3968126550383640704922072472982108592987060546875000000000000000000000000000000000000000000000000000e+01 3.0916664639227733459847513586282730102539062500000000000000000000000000000000000000000000000000000000e+03 
1.3045404738633512575773920616484247148036956787109375000000000000000000000000000000000000000000000000e+00 8.6515472893634259700775146484375000000000000000000000000000000000000000000000000000000000000000000000e+07 
5.8046471438118594221577950520440936088562011718750000000000000000000000000000000000000000000000000000e+00 6.7360615145258975319782740302527318521086385771923232823610305786132812500000000000000000000000000000e-09 
1.3768806459965874378070793682127259671688079833984375000000000000000000000000000000000000000000000000e+00 1.6371218535035802051424980163574218750000000000000000000000000000000000000000000000000000000000000000e+06 
