1 -7.5248920482223034816729803631041306744009489193558692932128906250000000000000000000000000000000000000e-06 
0 -1.0687285804968876645219095934890492543952709547569654633398746421314977822121784852734248581562991899e+308 
2 2.0830390968653301184999870887537554153823293745517730712890625000000000000000000000000000000000000000e-04 
1 -2.9062980249974433593750000000000000000000000000000000000000000000000000000000000000000000000000000000e+12 
3 6.4437043930747424316406250000000000000000000000000000000000000000000000000000000000000000000000000000e+11 
2 2.2415964935067813974436357583090738762054258068133271747531830399988988796773970291225070297430003313e-37 
0 8.4290234845232895011520620287775715570944037559540487859680903004146634935173627510784000000000000000e+85 
11 6.1904437336529490494285710155963897705078125000000000000000000000000000000000000000000000000000000000e+03 
38 2.7068639371237631887197494506835937500000000000000000000000000000000000000000000000000000000000000000e+07 
2 1.7017778783840612968085025284181463779676311831590140855041681788861751556396484375000000000000000000e-13 
5 7.6459382446595864905839109705126778113171148731908033369109034538269042968750000000000000000000000000e-13 
15 2.7400158726743922832369548814313020557165145874023437500000000000000000000000000000000000000000000000e-01 
1 6.0279647305961625859491582590105052119611173111479729413986206054687500000000000000000000000000000000e-08 
2 4.3110084817075935081313181607143292239925358444452285766601562500000000000000000000000000000000000000e-05 
15 6.7815490325741416199889499694108963012695312500000000000000000000000000000000000000000000000000000000e+02 
11 6.1301990285551469310579330088128990894347225548699498176574707031250000000000000000000000000000000000e-07 
18 4.4853194748648135714574891608208417892456054687500000000000000000000000000000000000000000000000000000e+01 
2 1.8968774171046365052461624145507812500000000000000000000000000000000000000000000000000000000000000000e+07 
10 2.0724805523586292266845703125000000000000000000000000000000000000000000000000000000000000000000000000e+09 
0 -8.0492600368069631583764242719736647049718854074294742773745658996560155918684557656093118818295757876e+155 
35 1.0457858572384159197099506855010986328125000000000000000000000000000000000000000000000000000000000000e+05 
8 8.9182913121959567070007324218750000000000000000000000000000000000000000000000000000000000000000000000e+05 
3 6.7543137717835196978034856743163097706643150214516745782900031258577655535191297531127929687500000000e-18 
5 7.2918067168703950000000000000000000000000000000000000000000000000000000000000000000000000000000000000e+15 
3 2.3095598197094633434831810331401006159438536623224229820185925745026576173992165005792822664310026681e-34 
0 -2.4818277900507563235674851620515823924506548792123794555664062500000000000000000000000000000000000000e-05 
0 -9.7517998500873925000000000000000000000000000000000000000000000000000000000000000000000000000000000000e+14 
47 3.8037378977429875703819561749696731567382812500000000000000000000000000000000000000000000000000000000e+02 
52 2.3903317607093207183138749982731496857013553380966186523437500000000000000000000000000000000000000000e-04 
5 2.0909026650979204000000000000000000000000000000000000000000000000000000000000000000000000000000000000e+16 
1 -6.5312540696379735899058969900363170116440726230326040043774535326370767052139854058623313903808593750e-21 
61 1.2853012509053542089532129466533660888671875000000000000000000000000000000000000000000000000000000000e+03 
1 -4.1563578055004286679244946637462598815204728452954441308975219726562500000000000000000000000000000000e-08 
7 1.1264177639916652151040101783544683522464424640929792076349258422851562500000000000000000000000000000e-08 
1 -4.1762173390590406763094400063592781995375782109493817787075110412615475089794662400000000000000000000e+82 
1 1.0754283137040433009036315106004256019937877656642720718666806833533429716068540175335347645212262400e+98 
39 4.2175160329571007378356866691915261213807752938009798526763916015625000000000000000000000000000000000e-07 
3 2.2533778850848361849784851074218750000000000000000000000000000000000000000000000000000000000000000000e+07 
0 6.3759884370323397219181060791015625000000000000000000000000000000000000000000000000000000000000000000e+07 
1 -4.5455736770586096640000000000000000000000000000000000000000000000000000000000000000000000000000000000e+18 
3 8.1781616382042902350295397045920609002678247634321451187133789062500000000000000000000000000000000000e-08 
1 1.1296069418986937031149864196777343750000000000000000000000000000000000000000000000000000000000000000e+07 
0 4.8004124100506988621333542392499335213069963032578472976536992453685607990190458505170246942091869399e-309 
1 1.0276726254432842324604280292987823486328125000000000000000000000000000000000000000000000000000000000e+03 
6 4.0925635629969649016857147216796875000000000000000000000000000000000000000000000000000000000000000000e+06 
0 -1.8200509223663212713261608775131901207799817095173230664716818933809997353386951970803736406714415544e-215 
1 -1.9920853536096656896959753146217077923891609338696139906554757295384789677546347138830445671592458701e-309 
1 -4.3056878204351120598346743136109084268298240000000000000000000000000000000000000000000000000000000000e+42 
1 -7.2129510950054265558719635009765625000000000000000000000000000000000000000000000000000000000000000000e+06 
19 1.4970812297778906455578876461557291319137696916641289135441184043884277343750000000000000000000000000e-10 
0 -4.3080601320208975271719431532346789026632905006408691406250000000000000000000000000000000000000000000e-03 
12 2.7648347489487835881849520092146121896803379058837890625000000000000000000000000000000000000000000000e-02 
1 -4.4761238279105671095875820466818341713823505353066667562800251545240826089866459369659423828125000000e-20 
1 -2.8047599669798976182937622070312500000000000000000000000000000000000000000000000000000000000000000000e+08 
1 -2.4866575022911500185728073120117187500000000000000000000000000000000000000000000000000000000000000000e+07 
5 1.0446447374041046548377382878602637370892532626384581757663812423529469013558670008928284910113064818e-44 
0 -4.0729357219212640333374921602736850648136885367568495962989891626797280575759411115629310571270374411e-187 
0 1.0038245738269866379622564015130764327055359814660314472408346238545932138220083203215254188378596618e+128 
1 -3.7464596371803979486342582755488537374933633875174696154450068347713329391974927241782111874378839636e-159 
0 -9.8869614006927440000000000000000000000000000000000000000000000000000000000000000000000000000000000000e+16 
1 3.4925151679596185684204101562500000000000000000000000000000000000000000000000000000000000000000000000e+09 
0 -5.5310632716189407448296608429483953387775472501278981450000554122489803095089404383594623151352601928e+218 
1 -4.4019659177317043558099707713022920267119406805367583457627810696875736728235715196837702808613076192e+137 
5 2.4957689915269412994384765625000000000000000000000000000000000000000000000000000000000000000000000000e+09 
2 7.2187222351645613089203834533691406250000000000000000000000000000000000000000000000000000000000000000e+06 
1 -2.5043722214104576919328390345064766201964581660693592272319636705936473275846731802806390962008299611e+140 
5 3.5294987194428212500000000000000000000000000000000000000000000000000000000000000000000000000000000000e+14 
7 4.0146472405529600381851196289062500000000000000000000000000000000000000000000000000000000000000000000e+08 
0 -1.7886280399935104625658288668432760459836572408676147460937500000000000000000000000000000000000000000e-04 
0 -4.8289675261391048370613601021378533158658004895465254748498164130530182309254715136064845972913232312e+172 
1 1.0420698898894882295280694961547851562500000000000000000000000000000000000000000000000000000000000000e+06 
1 2.1789620665085777118684972851594744067127429332231258740648627281188964843750000000000000000000000000e-10 
0 3.6140252535771407186985015869140625000000000000000000000000000000000000000000000000000000000000000000e+07 
1 1.1460070981143535086320753291211360647139372304081916809082031250000000000000000000000000000000000000e-05 
8 5.0881607604326830917347717722653589744741253753090859390795230865478515625000000000000000000000000000e-10 
1 -9.0470200078246308271132103406841906689805909991264343261718750000000000000000000000000000000000000000e-06 
2 7.6831237123252766872440036783785052842965512809314532205462455749511718750000000000000000000000000000e-10 
2 1.6507272064536082325503230094909667968750000000000000000000000000000000000000000000000000000000000000e+04 
1 -1.2245931018236062582391424080618946845788741484284400939941406250000000000000000000000000000000000000e-05 
0 -8.8453716015636048836015675441728372941194117123431397532987773230197083836387482825001153222147062025e+138 
14 4.7632383157980924844741821289062500000000000000000000000000000000000000000000000000000000000000000000e+08 
0 -2.7369301440680816267048223316971089502658287528902292251586914062500000000000000000000000000000000000e-06 
25 2.4849157433012147855322382383747026324272155761718750000000000000000000000000000000000000000000000000e+00 
1 -2.4960821828906437076511792838573455810546875000000000000000000000000000000000000000000000000000000000e+03 
1 2.9297688402368155836941188141508973785676062107086181640625000000000000000000000000000000000000000000e-03 
1 3.9099919343904258728027343750000000000000000000000000000000000000000000000000000000000000000000000000e+10 
1 1.4108049731547413449509669523660807700161029659135453375013852585012166487612382068454147431259462410e-120 
0 -1.0938061537888051500507124450225997573731725912113930078917196521626326586599203445642328648008815576e-222 
4 1.6368495046211206914745644398958403674181972045631461298853537300601601600646972656250000000000000000e-14 
0 -1.0448426343987700010395689248321700881158313143232227922418809364367360412184413167237338889916393287e+308 
14 1.6876349863019651412963867187500000000000000000000000000000000000000000000000000000000000000000000000e+10 
1 2.2366890271602542782115918624805685765045423606180643702204495300909967624419791240914499042638952089e-93 
42 1.1991079442135688992721043177880346775054931640625000000000000000000000000000000000000000000000000000e+01 
1 -5.4119935754731455078125000000000000000000000000000000000000000000000000000000000000000000000000000000e+12 
1 8.6599709679689007009191362393466702957017441468236040878486824442667464651635800757058402468765476859e-135 
1 -9.2917463766775674152632016907815750270192354034482875093721968684810940443808392443825595497528589203e-306 
13 7.0211325871038260393319774266274180263280868530273437500000000000000000000000000000000000000000000000e-02 
1 1.9233496920473187760626185283108213752711890265345573425292968750000000000000000000000000000000000000e-05 
4 2.3147301397242556891820086661937239114195108413696289062500000000000000000000000000000000000000000000e-02 
8 1.0256191263196998400000000000000000000000000000000000000000000000000000000000000000000000000000000000e+18 
115 2.0248250531358132775494595989584922790527343750000000000000000000000000000000000000000000000000000000e+02 
1 4.2026771499620777949167559086557688047069962186958387591196565970526525709430785564330554488952358673e-139 
1 3.6398851678814199347354676709682998196078441987516248515862504326426276167184317189675207906481407356e-54 
2 1.0752045057611956596374511718750000000000000000000000000000000000000000000000000000000000000000000000e+09 
1 -7.5467487840913283214661078091012313961982727050781250000000000000000000000000000000000000000000000000e-02 
0 -2.6050431373685257628244893446378682710928842425346374511718750000000000000000000000000000000000000000e-04 
7 1.6966265256384547299717269197572022676467895507812500000000000000000000000000000000000000000000000000e+00 
2 1.7839949185670545557513833045959472656250000000000000000000000000000000000000000000000000000000000000e+05 
1 2.3232408185851538181304931640625000000000000000000000000000000000000000000000000000000000000000000000e+08 
36 1.4227078650258915149606764316558837890625000000000000000000000000000000000000000000000000000000000000e+05 
1 -3.1513270630568536512701396369682814540140336288500725280753137261815106853717878176077801655940928974e-238 
0 -3.3442816777862181509251213268206817161206582314030578042642800799317763376820263949757642680355144546e-83 
30 3.4088613472909179336056695319712162017822265625000000000000000000000000000000000000000000000000000000e+02 
1 6.0076470616230756044387817382812500000000000000000000000000000000000000000000000000000000000000000000e+07 
1 -1.8091521036276927555878174210587244763459580099151935428380966186523437500000000000000000000000000000e-09 
11 2.9212775061292889366981739840412046760320663452148437500000000000000000000000000000000000000000000000e-01 
1 2.7033083019570205360651016235351562500000000000000000000000000000000000000000000000000000000000000000e+06 
1 -2.8446408457830076876859948242781683802604675292968750000000000000000000000000000000000000000000000000e+00 
7 9.8532364519051313865245233020600240595095917647093920860178258117699338393402630487116766744293272495e-27 
1 4.3654691365387080890977402842993440857638359064033710104132652661535715096103779481696061802751842313e+111 
0 -3.9673260289945258388859437352930459559719044545215813307170693145698725042239702619010096999232228866e-128 
0 -4.5940046689664038862891221818695458578574175589892547577619552612304687500000000000000000000000000000e-09 
0 4.4274022876735755377379987924740570693653216703989419086989479511624287903623446716016017206817722577e-293 
65 5.8049433816490902948714847298106178641319274902343750000000000000000000000000000000000000000000000000e-01 
2 3.1228124986855027100474211515512834580476919654756784439086914062500000000000000000000000000000000000e-06 
2 1.0802708563762899459477148655928147036320297047495841979980468750000000000000000000000000000000000000e-06 
1 2.6214417543080346512261120000000000000000000000000000000000000000000000000000000000000000000000000000e+24 
2 3.1492276021400067952116241798421469866298139095306396484375000000000000000000000000000000000000000000e-03 
15 1.7744500169816980646164683577126197633333504199981689453125000000000000000000000000000000000000000000e-03 
1 -6.1469947077392724221603956179867646096469646939343209252874166600369360070799660411854307979573966772e-259 
3 3.0603630730969255091622471809387207031250000000000000000000000000000000000000000000000000000000000000e+05 
5 1.3948612088298605957031250000000000000000000000000000000000000000000000000000000000000000000000000000e+12 
1 9.4030098457438759505748748779296875000000000000000000000000000000000000000000000000000000000000000000e+06 
0 6.2870073644351653907591526149190030992031097412109375000000000000000000000000000000000000000000000000e-02 
1 7.2252366299239256463022460896691226474557809664316951050070402937267238145289298232229916401337490601e-134 
1 -1.5514078948033908327420061649298063145794715730636192679906369892290167306951179760550391186275351618e-122 
1 5.3993588093181665854558559658471494913101196289062500000000000000000000000000000000000000000000000000e-02 
19 2.4994548688778102397918701171875000000000000000000000000000000000000000000000000000000000000000000000e+07 
1 -6.2917338536438373214870986088084582829608337782890644617309461170016582119115306953438689182129665316e-281 
1 -7.9078337900124269338567250625511727583858781042048735796307158039577241064755258141735117167071769783e-47 
0 -3.5587394631658984192000993182987557110015360261203051942857799502512554514478792704000000000000000000e+82 
0 -5.3691736100236038679441471107400889550716606002619830428636631720593636148356657933184632223639949507e+296 
0 -6.2674177983890334144234657287597656250000000000000000000000000000000000000000000000000000000000000000e+05 
6 7.0725581242697434499859809875488281250000000000000000000000000000000000000000000000000000000000000000e+06 
6 8.5115576589883968699723482131958007812500000000000000000000000000000000000000000000000000000000000000e+05 
0 -3.8612790264329510221404483975604318182687927446299834439238651955135370552654571205786705585582077913e+130 
2 2.0953535567869305820048874734312307778473659984029203616681578533906854574824410316800000000000000000e+83 
4 2.1707600242128641254701904017565539106726646423339843750000000000000000000000000000000000000000000000e-01 
1 2.5136811843287988130088970566818596887616841074624853063676242630320841593619788715038679248817670656e-44 
1 1.7108628779707615006917126310170829128765035420656204223632812500000000000000000000000000000000000000e-06 
2 2.9239069457550340890884399414062500000000000000000000000000000000000000000000000000000000000000000000e+08 
1 5.7857964987890617370605468750000000000000000000000000000000000000000000000000000000000000000000000000e+10 
11 2.1215759693673467706965172525703801874319420761594301438890397548675537109375000000000000000000000000e-12 
11 1.3022276953099242034729323831788744381653539746238057439597923803376033902168273925781250000000000000e-15 
16 2.2412958461657511070370674133300781250000000000000000000000000000000000000000000000000000000000000000e+06 
0 1.9976667528808296610123844398883546230605290361381776165217161178588867187500000000000000000000000000e-10 
0 7.7834330554356943933371359361711402096853025071251862571570292029591631815951845654732984904709410800e-250 
1 -1.8806861295634045269096336360519264665949217774283364757147364000128689083380732921490209875665821340e-308 
1 1.7092771663389775753021240234375000000000000000000000000000000000000000000000000000000000000000000000e+09 
0 -8.6302196304249181322339624228279220119475212413817644119262695312500000000000000000000000000000000000e-07 
1 -9.3989053814406991921880135304275721884559009762914319747781696517127242234567717215205740718303857508e-233 
20 7.5289990683611568493390033105971059172040193985253608843777328729629516601562500000000000000000000000e-12 
1 -1.6436137998210595748127538229255151236429810523986816406250000000000000000000000000000000000000000000e-03 
24 6.0074617774518546120532391796587035059928894042968750000000000000000000000000000000000000000000000000e-01 
6 4.8073126728482875089252777993362614972957880894713785908685419764226607643176070183699266635812819004e-27 
1 -3.5987131740283137043747862804812735534684943864994220505742394357358987976201110365844623168566931604e+105 
10 8.0755241424896694583555542545916239305370254442095756530761718750000000000000000000000000000000000000e-06 
0 -2.7651059721157598496449207379844618569779498724147515960260572763168685385516129757604134419377655538e+189 
13 3.5322574653823263354443517947345299035077914595603942871093750000000000000000000000000000000000000000e-04 
2 1.7966088334725950949045892497362548155537265159864546149037778377532958984375000000000000000000000000e-11 
1 -2.9637308125892311561067060665664030238986015319824218750000000000000000000000000000000000000000000000e-02 
0 -3.9976020549712786530710959750276617804581617758320205275618202016678179222876687420653774291484051945e-101 
10 1.3908522238133871340437508479226380586624145507812500000000000000000000000000000000000000000000000000e+01 
2 2.3080034675315338373184204101562500000000000000000000000000000000000000000000000000000000000000000000e+08 
0 -4.3286537294588100865010106029820533831591919275474169161119652497970970815949610749812328657714350163e-191 
1 -2.9262597746636714272881128947131976818728758826804181580882868729531764984130859375000000000000000000e-14 
2 7.1671652988082136733541148931489308182279478847797072855080684748800000000000000000000000000000000000e+66 
0 -1.1018639554010264575481414794921875000000000000000000000000000000000000000000000000000000000000000000e+08 
1 2.4631635251632422598964427933134354940308650333604058853043746288414026123597761395471460929860234628e+117 
1 -1.1292008004845499992370605468750000000000000000000000000000000000000000000000000000000000000000000000e+08 
51 4.5495910719577450660039419361169166222680360078811645507812500000000000000000000000000000000000000000e-04 
4 5.1581344270048508030967072263139883148141962010413408279418945312500000000000000000000000000000000000e-07 
34 7.6716492864714318420737981796264648437500000000000000000000000000000000000000000000000000000000000000e+05 
4 9.4012308870578198861062138091889165900094660344166186405345797538757324218750000000000000000000000000e-11 
1 -2.0048062078447404783219099044799804687500000000000000000000000000000000000000000000000000000000000000e+06 
10 6.0603175692329766608822810836088024188939016312360763549804687500000000000000000000000000000000000000e-05 
1 -3.3800369414625595703125000000000000000000000000000000000000000000000000000000000000000000000000000000e+12 
141 5.8350319330478662038785842014476656913757324218750000000000000000000000000000000000000000000000000000e+01 
34 4.6717298033069072638046037582171265967190265655517578125000000000000000000000000000000000000000000000e-02 
20 8.8152761528418708074360075690480663401782379651194787584245204925537109375000000000000000000000000000e-10 
0 -9.7907250162301774253137409687042236328125000000000000000000000000000000000000000000000000000000000000e+04 
1 1.9593178762909762014032821753062307834625244140625000000000000000000000000000000000000000000000000000e+01 
0 3.8811888124039512634277343750000000000000000000000000000000000000000000000000000000000000000000000000e+10 
1 -1.9905322523325053596247532031444881441390152220610305832414716843824609644085250382205653028534662371e-240 
36 6.5305249227169941406145881046541035175323486328125000000000000000000000000000000000000000000000000000e+00 
8 3.1230840538073488232839736156165599822998046875000000000000000000000000000000000000000000000000000000e+02 
1 -4.0671976465655342597365143839387071483804092508762551005929708480834960937500000000000000000000000000e-10 
1 -1.1885340618315393086338160324722161565295220393524131362609973485474661856109373554452718921502338722e-308 
1 1.4378044308132078647613525390625000000000000000000000000000000000000000000000000000000000000000000000e+09 
1 -3.3098772988341248931989294720065152637402790449128627864795050965037167091870241689112269958733977135e-227 
1 -1.0609674031728327463497407734394073486328125000000000000000000000000000000000000000000000000000000000e+03 
1 -8.6899667900151103488000000000000000000000000000000000000000000000000000000000000000000000000000000000e+21 
1 -2.7282629047424236726279147077387984832164136150822741910815238952636718750000000000000000000000000000e-09 
1 4.7008287589051678703438427808933177007511751331052563677930578483105793956494909493109116108800000000e+92 
3 2.4841995134073715512101898639230057597160339355468750000000000000000000000000000000000000000000000000e+00 
2 1.5877036665830122181161403352740370841600000000000000000000000000000000000000000000000000000000000000e+38 
64 3.1119639973427523638171976472222013399004936218261718750000000000000000000000000000000000000000000000e-02 
1 1.3678792312718876727050240000000000000000000000000000000000000000000000000000000000000000000000000000e+25 
4 7.6158992566378058697296182799618691205978393554687500000000000000000000000000000000000000000000000000e+00 
1 3.0616930422713537700474262237548828125000000000000000000000000000000000000000000000000000000000000000e+05 
1 -5.4785769124883957957213596233398383216782126919167998511648917419650978067043709951663418984745843936e-293 
1 3.3845762190140908599898117673556714688237541110716453227517756574107177530508768776325703770176341574e-122 
15 4.4002151738841792000000000000000000000000000000000000000000000000000000000000000000000000000000000000e+17 
16 4.1373109110052325165796105466142762452363967895507812500000000000000000000000000000000000000000000000e-01 
11 1.2492978443485147727187722921371459960937500000000000000000000000000000000000000000000000000000000000e+05 
36 1.1482265310227477428384190716315060853958129882812500000000000000000000000000000000000000000000000000e+01 
1 -1.9745780188629187327268703817053059824255704308627976736817104613089463438147606709695979555067002996e-153 
1 -5.5803325514460835006507972782894075179340875885143988000998340483289628420960735216915681651600458587e-160 
0 6.8407203135108757274807089743262622505426406860351562500000000000000000000000000000000000000000000000e-02 
0 6.6183964922728308010846376419067382812500000000000000000000000000000000000000000000000000000000000000e+05 
1 1.1352825100040048096763185478397240046888327924534678459167480468750000000000000000000000000000000000e-07 
1 2.1083564257777672014544985966953459009419944276681902255897375900489359972632443860043795106898673900e-93 
1 3.1834668315433885902166366577148437500000000000000000000000000000000000000000000000000000000000000000e+07 
0 -2.1518469333766210256153952884439206627575913444161415100097656250000000000000000000000000000000000000e-05 
1 6.3564210151612952207078380615033971618799884675584426017375705995026482048004614389863343496069212094e+146 
0 4.2306450314567121981082656490719780997984897823988494404321957762629867972640804499569336142281786492e-147 
7 3.5659201430040044634112000000000000000000000000000000000000000000000000000000000000000000000000000000e+22 
0 -6.2083864225886842127192084350564290593999187873307133142082882007521622731425998438400000000000000000e+83 
37 1.3101959657622489277550847930342570180073380470275878906250000000000000000000000000000000000000000000e-03 
21 2.5514916104485322989603446330875158309936523437500000000000000000000000000000000000000000000000000000e+02 
11 2.3391464501658236763148579484550282359123229980468750000000000000000000000000000000000000000000000000e+00 
1 -1.6068603757652497043828532241604989394545555114746093750000000000000000000000000000000000000000000000e-02 
0 -7.6012571545998038400254482417881083899387862767102756158832459604651008567801635735033683162376649797e+253 
1 -4.0323185815055375099182128906250000000000000000000000000000000000000000000000000000000000000000000000e+09 
0 2.7239884779623089951401671005015714399632997810840606689453125000000000000000000000000000000000000000e-05 
2 3.9791051197807019852473409210900554509870996611198279424570500850677490234375000000000000000000000000e-11 
0 4.0096867573696906546577518659606109990377141176549532502115134052191527385395701776834838843071278985e-207 
0 -1.3483929894230094080103576408372558497614250130322953865834738546621371105910194176000000000000000000e+82 
1 3.3863291674469686576287585921818390488624572753906250000000000000000000000000000000000000000000000000e-01 
3 3.3712115540470835171493696477156660663711784672919184998400000000000000000000000000000000000000000000e+56 
1 -3.6083974067016987297585073175768282696319240775773044429037632556856570156154880000000000000000000000e+78 
1 1.1666336567000203330077262977096386187270127265946939587593078613281250000000000000000000000000000000e-08 
1 -2.5222058457143371733401600000000000000000000000000000000000000000000000000000000000000000000000000000e+23 
33 8.2722937264040276408195495605468750000000000000000000000000000000000000000000000000000000000000000000e+07 
0 -4.5484019924964524126190235087108248990261927247047424316406250000000000000000000000000000000000000000e-05 
1 -4.4051360612357921600341796875000000000000000000000000000000000000000000000000000000000000000000000000e+09 
0 -7.6477168791328926999995019286870956420898437500000000000000000000000000000000000000000000000000000000e+02 
8 1.7375245234464513875705105050428755930624902248382568359375000000000000000000000000000000000000000000e-04 
32 2.4116758340545614569538912519419682212173938751220703125000000000000000000000000000000000000000000000e-02 
1 5.9269507878271967589541896543370505099862531915033075193751852981738805781277934249198177736216150770e-47 
15 1.9378226309106952189668708660400046591212874780296715471195057034492492675781250000000000000000000000e-13 
1 -1.6558182161456793546676635742187500000000000000000000000000000000000000000000000000000000000000000000e+07 
1 5.2835505389434438312754163105242059068167825374749208883136614000963332586521794397853966962051980087e+129 
74 8.0923167909788140672588951929355971515178680419921875000000000000000000000000000000000000000000000000e-01 
37 4.2985368478160168592694390099495649337768554687500000000000000000000000000000000000000000000000000000e+00 
2 8.8787986308513336553005501627922058105468750000000000000000000000000000000000000000000000000000000000e+02 
0 7.4934670537490561099338295918510232419805929353972425699067203575627363806513270273354153261260827967e-38 
2 1.5457428617327446077786732198035434959223652352000000000000000000000000000000000000000000000000000000e+46 
1 -9.9921107583634965868938412458105657876217264856677502393722534179687500000000000000000000000000000000e-08 
1 4.2303265016045607291154430351642901086961501277983188629150390625000000000000000000000000000000000000e-07 
1 -3.0495698544554772275703654462099048975046513595778610627159040661022679727015057840169914682640155342e-183 
1 -7.2471961949124247993145370345686312463229228342243004590272903442382812500000000000000000000000000000e-09 
3 1.0362896957041243566763956971202298440459799167001619935035705566406250000000000000000000000000000000e-08 
1 1.2333603101231380423996597528457641601562500000000000000000000000000000000000000000000000000000000000e+05 
0 1.5243652985214572552475121982843892327864751078058481106483428312537668418107693377452663655587164721e+107 
0 4.6376704546926848997263084438602646612516460875840824347681450179717512912485640049972679399559183366e-32 
159 1.2533027111750815407731352024711668491363525390625000000000000000000000000000000000000000000000000000e+01 
0 -7.5187249034302242368334936286568848861366613462913411119510133530019357706368093019231637098419208015e-152 
0 -3.9169445200756300096145423594862222671508789062500000000000000000000000000000000000000000000000000000e+01 
4 1.1115264839432272392896767940117863976540158420236448222340186475776135921478271484375000000000000000e-14 
1 3.5595806289499074397621601446004746899620682913862215395594888670091331798154493085408334697907749928e-76 
4 9.8856776396771509525630660639205007922392098862474085763096809387207031250000000000000000000000000000e-11 
3 1.8768901963334707202687729604706490249554917681962251663208007812500000000000000000000000000000000000e-07 
1 -1.1182673607748683998832595564397462961636620093486271798610687255859375000000000000000000000000000000e-09 
5 2.0745998575816068649291992187500000000000000000000000000000000000000000000000000000000000000000000000e+09 
11 1.1235653538572836600408855547983399958411609986796975135803222656250000000000000000000000000000000000e-06 
0 -2.6585042194515857466178350905945536059652493877986888154861273834748510127985812438999164137154822298e-195 
4 6.8746196702599693395541180507279932498931884765625000000000000000000000000000000000000000000000000000e-01 
0 -2.5284675118235629882812500000000000000000000000000000000000000000000000000000000000000000000000000000e+12 
1 1.1639757097707144784904192000000000000000000000000000000000000000000000000000000000000000000000000000e+26 
12 5.8625736887147350000000000000000000000000000000000000000000000000000000000000000000000000000000000000e+14 
1 4.7855519118931810762518352930783294141292572021484375000000000000000000000000000000000000000000000000e-01 
0 2.1000114614886281490325927734375000000000000000000000000000000000000000000000000000000000000000000000e+09 
12 3.6805930841735459702057653430529171600937843322753906250000000000000000000000000000000000000000000000e-04 
1 -5.4123130388281702367162084963032875339905558575992472469806671142578125000000000000000000000000000000e-10 
0 -2.8613046154625713825225830078125000000000000000000000000000000000000000000000000000000000000000000000e+06 
1 -1.1310368433606424787285504862666130065917968750000000000000000000000000000000000000000000000000000000e+02 
1 -2.4508757980160447139544944495682943230718819904723204672336578369140625000000000000000000000000000000e-08 
0 -2.8618538865815959930419921875000000000000000000000000000000000000000000000000000000000000000000000000e+10 
13 9.5441055513477478027343750000000000000000000000000000000000000000000000000000000000000000000000000000e+09 
1 -8.8038126964598806609003565785722529682496925436758737535614438678648651516939522546727794822662156387e-74 
12 6.4951714734491884883027523756027221679687500000000000000000000000000000000000000000000000000000000000e+04 
1 -2.3196395597308770022258010343486522437292505142992676305151704441072503985712683506206380595158573910e-209 
2 1.7747009157346904824337219253038711030967533588409423828125000000000000000000000000000000000000000000e-03 
1 3.3607548692292571468342998741718474775552749633789062500000000000000000000000000000000000000000000000e-01 
4 1.0614591486288638785481452941894531250000000000000000000000000000000000000000000000000000000000000000e+07 
3 1.5502399326340694496188766445375469210656760513397310720898217167219605832428611284605282305215364218e-74 
1 -2.1204720396959984375000000000000000000000000000000000000000000000000000000000000000000000000000000000e+14 
20 6.8341781682885528425686061382293701171875000000000000000000000000000000000000000000000000000000000000e+04 
1 3.1596934688588255417181585401712262030892054653513486007112466475315555901095362025451591647568968626e+136 
1 -1.5024128321843123404102714575727798604917659364768813266829629283490280423512207762549549681539654726e-157 
0 9.1830727979118179788922062103961836672704405256817026485111066236299848242197185754776000976562500000e-20 
5 7.6147884145511367187500000000000000000000000000000000000000000000000000000000000000000000000000000000e+12 
40 4.9822404148213322860883067733084317296743392944335937500000000000000000000000000000000000000000000000e-01 
6 8.8816029125875497425937143299826299902566262289838050492107868194580078125000000000000000000000000000e-11 
1 1.0648512022690512668788437311562233844597358256578445434570312500000000000000000000000000000000000000e-05 
2 2.0743629198498185120915285328813126852764980867505073547363281250000000000000000000000000000000000000e-05 
3 9.9656990162953026449885075638150387411163848301241958400000000000000000000000000000000000000000000000e+53 
2 4.7229718378145365892831359847521603806715442137625862899868962590485115080885572814941686568108131035e-98 
2 2.8577716601072962964401324992280706283054314553737640380859375000000000000000000000000000000000000000e-05 
6 3.2218545093553106043734630840256723607883948545804742025211453437805175781250000000000000000000000000e-11 
0 -3.0457688178513640779547253145600000000000000000000000000000000000000000000000000000000000000000000000e+29 
0 8.7194923569853274680794600285344867217887364074517111919867612426237038063082633296893883976113418069e-228 
3 2.3611838949822447637592283866793896682910611742229527657566724758437707839666621564330072649213872965e-51 
0 -2.8595998816717354907000929197399376320694273767979958523901742517919968245833566461164330935189124599e+256 
1 6.6737331621775082084847092664392498306824563769623637199401855468750000000000000000000000000000000000e-07 
10 1.5541814757015377283096313476562500000000000000000000000000000000000000000000000000000000000000000000e+07 
1 6.2739344793102913536131381988525390625000000000000000000000000000000000000000000000000000000000000000e+05 
1 -2.0293561586576030344140937820362495636767768953044021254784300656492548001247061370375487705916238595e-129 
1 -2.8151055405394376455244104785594503966876077686562472835703823393632563832791909163342625762967905686e-202 
9 9.7206216504991598556658131689346170889454157304498949088156223297119140625000000000000000000000000000e-11 
1 -1.7291285014287893773143878206610679626464843750000000000000000000000000000000000000000000000000000000e+00 
1 1.0450322834420254025644680950790643692016601562500000000000000000000000000000000000000000000000000000e+02 
3 1.1585137496683451097304984149516382530009650508873164653778076171875000000000000000000000000000000000e-07 
0 2.4306203015561108033637577883168558326202191771454266243152565561294674957634632306955500909828918351e-272 
2 2.3493479775773024758635243447457696674973703920841217041015625000000000000000000000000000000000000000e-06 
5 6.7817592364984750747680664062500000000000000000000000000000000000000000000000000000000000000000000000e+06 
11 1.9134837957424005783013647695444945889104403080605010245562880299985408782958984375000000000000000000e-13 
0 -5.1711088935372328758239746093750000000000000000000000000000000000000000000000000000000000000000000000e+08 
1 6.0315791179132680641192948423068287411297205835580825805664062500000000000000000000000000000000000000e-05 
1 -2.5945924598724002547791506283982331948877082492512926105148917258751155626555272661927509236790001523e-32 
4 1.8557058549291425151750445365905761718750000000000000000000000000000000000000000000000000000000000000e+05 
0 1.3181333337466589736578440146377951636543602881067585600738687939100321351445769304513641606568796760e-32 
0 4.4650673907058702205574718391289934515953063964843750000000000000000000000000000000000000000000000000e-01 
1 -9.3311985923015174043201526589315191171048980795604799436148446514060701639727552009768139413791182933e-237 
0 -1.0847420386612041644322962791381768899555473779077985646890460300008173296089352121548089161755941308e+163 
1 -2.4392312542587220036693906877189874649047851562500000000000000000000000000000000000000000000000000000e+01 
0 -1.0812865881595721002668142318725585937500000000000000000000000000000000000000000000000000000000000000e+06 
1 2.5370766578833778381347656250000000000000000000000000000000000000000000000000000000000000000000000000e+10 
1 -6.6402368446957232866776156582716976681201335363279257600000000000000000000000000000000000000000000000e+53 
20 8.9746347315113786970760179319614576951003037663667782908305525779724121093750000000000000000000000000e-11 
19 2.1388674651176779298111796379089355468750000000000000000000000000000000000000000000000000000000000000e+05 
0 -1.7879303961365548402556724383316577586811035871505737304687500000000000000000000000000000000000000000e-03 
10 1.7422563915992352810398549611825558258715318515896797180175781250000000000000000000000000000000000000e-07 
0 -1.6573170798476176152763672533296812616754323244094848632812500000000000000000000000000000000000000000e-03 
7 2.6963579276419357299804687500000000000000000000000000000000000000000000000000000000000000000000000000e+11 
42 6.5600732805104705700621758879265144059900194406509399414062500000000000000000000000000000000000000000e-05 
1 -1.5289284762389000015427103294501767724686484532116485911902549270819284513852050690543904254271006269e-179 
5 3.5860626706958045959472656250000000000000000000000000000000000000000000000000000000000000000000000000e+09 
1 2.0620690062431767941575344593729823827743530273437500000000000000000000000000000000000000000000000000e-01 
4 1.2070483449849156972066171501778431007778635830618441104888916015625000000000000000000000000000000000e-07 
23 3.3185929693735717890629346920401861187333025782209006138145923614501953125000000000000000000000000000e-10 
15 9.7207934359608628938076435588300228118896484375000000000000000000000000000000000000000000000000000000e+01 
1 -3.7484005852446800055588482791790738701820373535156250000000000000000000000000000000000000000000000000e+00 
48 1.7999459095270910765975713729858398437500000000000000000000000000000000000000000000000000000000000000e+06 
10 1.5652007503470647450244390697093876951839774847030639648437500000000000000000000000000000000000000000e-04 
8 1.0804905379847102035965578602488140758097756588540505617856979370117187500000000000000000000000000000e-08 
5 4.7339017187664404673341778106987476348876953125000000000000000000000000000000000000000000000000000000e+02 
44 6.5999216109556449626400743968535067551783868111670017242431640625000000000000000000000000000000000000e-06 
0 7.8828506837819480895996093750000000000000000000000000000000000000000000000000000000000000000000000000e+09 
4 2.1536077412976557259923903343140638710906387132126837968826293945312500000000000000000000000000000000e-07 
2 3.6840531402364101271786356736000000000000000000000000000000000000000000000000000000000000000000000000e+28 
1 -1.2021450162697265338134307480673283432181727703458307132677873596549034118652343750000000000000000000e-13 
2 1.5803302649585458636283874511718750000000000000000000000000000000000000000000000000000000000000000000e+08 
0 -5.4100327036374555239049894821888000000000000000000000000000000000000000000000000000000000000000000000e+31 
4 4.8872194836577787500000000000000000000000000000000000000000000000000000000000000000000000000000000000e+14 
2 2.2090467048075882416924287099391222000122070312500000000000000000000000000000000000000000000000000000e+02 
1 5.8446204867452375831428219388889236036911104000000000000000000000000000000000000000000000000000000000e+43 
18 5.6090181469884117126464843750000000000000000000000000000000000000000000000000000000000000000000000000e+10 
1 4.2186132210349710658192634582519531250000000000000000000000000000000000000000000000000000000000000000e+06 
1 3.1737848699226047589722322088563940947646709527914220020175261747108390328413266789905287359671581804e-35 
0 -1.9795243611072924943642505608387520410484938793160836212337017059326171875000000000000000000000000000e-10 
1 -5.5979459965117056587908237108839203119568906267781105353620955315117321368013638515938070842686214808e-303 
11 9.2218300626254667839987178012961521744728088378906250000000000000000000000000000000000000000000000000e-01 
1 -2.7276714219502239713029321361323896276257887890113668465172154143151162560399342479563761926231180155e-33 
0 3.0692059326821344925662569237406199837412556800000000000000000000000000000000000000000000000000000000e+44 
1 -5.8330202042223888693709396633722041063630512629595049083986572039437017537314816000000000000000000000e+80 
1 -6.6522081952893992215071087145334222221842841600000000000000000000000000000000000000000000000000000000e+44 
0 1.9985258504798284207026881631463766098022460937500000000000000000000000000000000000000000000000000000e+02 
0 -1.0136849954391925029416307904474619108873656629466258881858223361008341209183687094929155447596683876e+178 
1 -1.3813285664089506034352087063157674282938524016750162931987429024334462191350105075786624876984820232e-205 
2 8.3321274108734910690543529199203476309776306152343750000000000000000000000000000000000000000000000000e-02 
33 2.1349856397276170127952354960143566131591796875000000000000000000000000000000000000000000000000000000e+00 
48 1.6014614686924456618726253509521484375000000000000000000000000000000000000000000000000000000000000000e+06 
23 2.0644455565539031406644499176110277380985502659882513398770242929458618164062500000000000000000000000e-11 
1 -4.8961360791147768031805753707885742187500000000000000000000000000000000000000000000000000000000000000e+05 
0 -1.3369351713257586989849003674232716483243534140405515430015711502156433875038405306287724486655584764e+103 
1 -1.1646425844475658145165908343225922963610584621668959674808823995329942818503912464523888070294676692e-101 
1 4.0874955775092855237890697382148567768028018555121854288982992366610914746955873548120718836378210789e-79 
9 5.8838265379020977020263671875000000000000000000000000000000000000000000000000000000000000000000000000e+08 
2 1.2231717862925731155065989241848001256585121154785156250000000000000000000000000000000000000000000000e-01 
20 1.8271277552023544389693436030116427529662636100593609000952710630372166633605957031250000000000000000e-14 
1 1.0320514046760111083984375000000000000000000000000000000000000000000000000000000000000000000000000000e+12 
1 3.7956617396568859135186357889324426651000976562500000000000000000000000000000000000000000000000000000e-02 
1 1.3874558432840522073092870414257049560546875000000000000000000000000000000000000000000000000000000000e+03 
22 4.1369776405712706300946135407059500721516087651252746582031250000000000000000000000000000000000000000e-04 
0 1.2537441847960403474616062655164517227263037841054083687032693575806649554391785648774423987429353515e+272 
25 3.8410514751891128663210192375229538874759072086817468516528606414794921875000000000000000000000000000e-10 
1 -5.3315643272982504624791936023719962634004332358017563819885253906250000000000000000000000000000000000e-07 
24 1.3712458442552008200436830520629882812500000000000000000000000000000000000000000000000000000000000000e+06 
1 -1.1117292755525683389805635670199990272521972656250000000000000000000000000000000000000000000000000000e+02 
16 1.5803338188105332851409912109375000000000000000000000000000000000000000000000000000000000000000000000e+09 
4 2.2890016851314001619206392208055733661353770003188401460647583007812500000000000000000000000000000000e-07 
1 -8.5683863933447151794098317623138427734375000000000000000000000000000000000000000000000000000000000000e+04 
1 -1.3373553632051668315178319943262175151232895586872473359107971191406250000000000000000000000000000000e-08 
1 -1.4231861312397119140625000000000000000000000000000000000000000000000000000000000000000000000000000000e+11 
1 1.6807722892367213142458198843298618645586600969139742843293578725206919580847138221840947124075990331e-43 
2 1.5574422869546886431635357439517974853515625000000000000000000000000000000000000000000000000000000000e+04 
4 5.8114245251465366231914360894128128000000000000000000000000000000000000000000000000000000000000000000e+34 
1 1.3855388894956943390634539843477707199426163242605980485677719116210937500000000000000000000000000000e-08 
5 6.2682325986891521552024642005562782287597656250000000000000000000000000000000000000000000000000000000e+02 
0 6.5340986834942776675183698133248403743563100677335144872987008823899056008898174594314400622199981163e-50 
22 2.6043285792350778356194496154785156250000000000000000000000000000000000000000000000000000000000000000e+06 
12 2.0726105495900470018386840820312500000000000000000000000000000000000000000000000000000000000000000000e+08 
0 1.4679470075093235123900259216407753016891473100270237794951810104123383658467507404585391738241514229e-308 
1 3.1167786361903946356267576086855832575506451069739195596950516488627373267167735664259478907458235069e-152 
0 -2.2471283141151407458657729421247495338320732116699218750000000000000000000000000000000000000000000000e-01 
0 -2.3973169434226017030047362539496768378552783494842051851767388177188988302549472987224299834716695350e-54 
10 3.3397790294274878886149338086397619917988777160644531250000000000000000000000000000000000000000000000e-02 
1 3.8013117393147194889024831354618072509765625000000000000000000000000000000000000000000000000000000000e+03 
0 -6.6966583805306522037933497174781950830504338910595726571724161830560657240170933650581669617453988859e-88 
0 7.3268281566512571536503307285501225856322468024078475645010580779412932072294584290794030480652084989e-173 
1 -5.4662924693470479659944923434515361961203141935033321529487341195932549289851279190597602761057202320e-237 
12 2.2457456336911385086105248437213233181353189138462767004966735839843750000000000000000000000000000000e-08 
2 1.2499992553259310719260007882685007372935981351247392012737691402435302734375000000000000000000000000e-11 
0 -1.5832462128555356979370117187500000000000000000000000000000000000000000000000000000000000000000000000e+10 
1 -2.2618694153351057707368454430252313613891601562500000000000000000000000000000000000000000000000000000e+00 
1 1.2500694230955105249127671906449649882565406521676257761575234465734790036854740490913336285034434354e-51 
1 -4.1555095723346202940780752315905188787326096644392237067222595214843750000000000000000000000000000000e-09 
1 -3.5034155522701117616013455347001581685617566108703613281250000000000000000000000000000000000000000000e-04 
13 6.9525190985928104942748138929419811360421732615577639080584049224853515625000000000000000000000000000e-10 
2 5.6831975732883932068943977355957031250000000000000000000000000000000000000000000000000000000000000000e+06 
1 6.2599777262466796875000000000000000000000000000000000000000000000000000000000000000000000000000000000e+10 
0 5.4100450751010303497314453125000000000000000000000000000000000000000000000000000000000000000000000000e+09 
26 3.6628469315541887283325195312500000000000000000000000000000000000000000000000000000000000000000000000e+09 
1 2.2239213970149217026747208300554229421529277196974603037754576288828025285719561358173798400000000000e+89 
28 5.8145069230675516128540039062500000000000000000000000000000000000000000000000000000000000000000000000e+09 
10 2.6598357259313506604136902872204117898036201950162649154663085937500000000000000000000000000000000000e-06 
0 5.8348215367117001528455153034119083136623775066699614836656932257415067720948683079274398396043025627e-165 
1 1.5590127625106013824175869549384931822544331225799396634101867675781250000000000000000000000000000000e-09 
0 9.4276835689057978739822525843065903483619649705360643565654754638671875000000000000000000000000000000e-09 
35 1.8586815176926627428898811805746404957062622997909784317016601562500000000000000000000000000000000000e-06 
62 2.0577609987323698987893294543027877807617187500000000000000000000000000000000000000000000000000000000e+03 
0 2.0388900421357186679040433723470198274523914602412714611699706690473021808429621160030364990234375000e-20 
0 -2.2756827303191976513257497368747447190033201896681115069495491840939009786768854585828654357214166270e-278 
0 3.2990185183674803017135363641942902290793426800519227981567382812500000000000000000000000000000000000e-06 
1 -3.8646277772831156204977332002670209476491436362266540527343750000000000000000000000000000000000000000e-04 
1 -1.0758148272668944543424995974452603732806271364274901141074246597476134149164767910601269840614424143e-135 
0 4.5928826339924110906704902915739695428033237551342459147232975950746255494394275251688365080967037075e-284 
1 4.7909124712282285113722787939827633394265401881703807276742152008028401079436240083917227319405037151e-122 
1 6.3904029880131012760102748870849609375000000000000000000000000000000000000000000000000000000000000000e+05 
10 7.1722171172049888302028140666700972705172034693532623350620269775390625000000000000000000000000000000e-09 
4 2.3387119651890698858191634889384986533451477811200000000000000000000000000000000000000000000000000000e+47 
15 4.4450246439431967715668244342552047759786759684175194706767797470092773437500000000000000000000000000e-10 
8 6.9928439660382224246859550476074218750000000000000000000000000000000000000000000000000000000000000000e+04 
0 6.4829753213990537070066443134808836790128339089278597384691238403320312500000000000000000000000000000e-09 
0 -9.7972556887771071210576124637615221229236509382946091212369776618278660078530009220067730093490352080e-309 
1 -5.5545264469535161835011332677300032980913463653962502916888344347806258974020719616630646744060797510e+129 
80 1.0087440369045179433538095281619462184607982635498046875000000000000000000000000000000000000000000000e-02 
1 5.9208151639081005859375000000000000000000000000000000000000000000000000000000000000000000000000000000e+11 
0 8.3871359101953945214963370702321299177128821611404418945312500000000000000000000000000000000000000000e-04 
1 -7.1677761223163412496786360603623417179120636857706951182060317982619864806754696257603192215467393008e-218 
0 5.0960194880452474625956847228600531118924976681228145025670528411865234375000000000000000000000000000e-10 
1 -2.8934298605228961600790128969288493268515047362525939296804611645351412718775300966597398638129620712e-131 
4 2.5352289397106849833107844460755586624145507812500000000000000000000000000000000000000000000000000000e+02 
16 5.9956319575224367187500000000000000000000000000000000000000000000000000000000000000000000000000000000e+13 
1 1.2419016964201507846610184060409665107727050781250000000000000000000000000000000000000000000000000000e+02 
2 2.3743498088433519582557939950415169243507865868446357510548459390828436652147941631480139004274111658e-37 
2 6.5995899681314658277758194016997020672400030198519164746881980465150570450283315869200870086107998678e-83 
31 2.1478157697677737955621601884104165947064757347106933593750000000000000000000000000000000000000000000e-03 
4 9.1878092070077775252966156838141387197538278996944427490234375000000000000000000000000000000000000000e-05 
1 -2.5764979798854351153458865477177686109655496693449094891548156738281250000000000000000000000000000000e-08 
1 -4.4264681773387197982402851970107349188765510916709899902343750000000000000000000000000000000000000000e-05 
0 -1.1599910650519654498264029960601600000000000000000000000000000000000000000000000000000000000000000000e+32 
1 -3.6182431321957912728759509946030448190867900848388671875000000000000000000000000000000000000000000000e-02 
1 1.4053842183250545364026073968943819636479020118713378906250000000000000000000000000000000000000000000e-02 
1 1.3283655800576228460471624382153199517697101820803528392199459074376917559155937982070778587490864733e+149 
0 -4.3545518988075749156343354206815982567120061619281301545925089158117771148681640625000000000000000000e-14 
1 -6.5680790238477835091778205683921143531733832787722349166870117187500000000000000000000000000000000000e-07 
15 1.0119447751913774879994889488443732261657714843750000000000000000000000000000000000000000000000000000e+02 
4 1.6269270348158140625000000000000000000000000000000000000000000000000000000000000000000000000000000000e+14 
0 -9.6946214902226208104990383522763567302314743291611885449220011063058290233053302708981168339424903474e-244 
1 1.4286800284297124230548092782555613666772842407226562500000000000000000000000000000000000000000000000e-01 
0 -2.7875531916851186327575125131647242640900826515574552505603918642836020108078844690272095079384863346e+175 
0 3.9210621681236928701400756835937500000000000000000000000000000000000000000000000000000000000000000000e+08 
59 1.0351115054046885052230209112167358398437500000000000000000000000000000000000000000000000000000000000e+05 
0 3.2898797940816676616668701171875000000000000000000000000000000000000000000000000000000000000000000000e+08 
0 1.1605921830372060775756835937500000000000000000000000000000000000000000000000000000000000000000000000e+10 
1 -3.4254942721832138671875000000000000000000000000000000000000000000000000000000000000000000000000000000e+12 
1 -1.7528447157194019261709725644633050942001634036437935457317447472727744947161295448970242132901072692e-56 
0 -2.2957279806537229660534649156033992767333984375000000000000000000000000000000000000000000000000000000e+02 
2 8.5000333765681448985456489589318529453976225340738892555236816406250000000000000000000000000000000000e-07 
4 9.4233257838511073913679311577906201815501294216875535343454568373230145091525439564028204439085898771e-43 
1 -1.9606914021133907139301300048828125000000000000000000000000000000000000000000000000000000000000000000e+07 
5 2.4526416989980663361748233052637906130876203608081263983850409463038921842326089972630143165588378906e-22 
7 5.0744929611558575288654537871479988098144531250000000000000000000000000000000000000000000000000000000e+02 
1 -6.9726952697652211554668610915541648864746093750000000000000000000000000000000000000000000000000000000e+02 
2 1.1736876674685559387335279395361697785919809071278641973161956324695279207936948751012096181511878967e-24 
1 -5.8807779440090494962316917926768711222251795334159396588802337646484375000000000000000000000000000000e-09 
1 -4.6832943284757828223519027233123779296875000000000000000000000000000000000000000000000000000000000000e+04 
1 4.9111120901116408237804722536773827109482773005051221589640131750105018562400647837836792656730414958e-117 
11 1.9848295570626378321321681141853332519531250000000000000000000000000000000000000000000000000000000000e+03 
7 1.2195816664289686615386780477177097736785071901977062225341796875000000000000000000000000000000000000e-05 
1 -6.5442436184757807495770975947380065917968750000000000000000000000000000000000000000000000000000000000e+03 
88 4.8723913220739865082009600882884114980697631835937500000000000000000000000000000000000000000000000000e+00 
1 -5.4302893316381879783784312876424001173112912679362028170932194822840838439943578767826754029573515055e-308 
1 2.3273868082258628845214843750000000000000000000000000000000000000000000000000000000000000000000000000e+10 
1 -3.9767180909941763172601408304681867976089239741433460543978964482158271620154500954862827032568649777e-129 
1 1.3254208199202620435752550400000000000000000000000000000000000000000000000000000000000000000000000000e+27 
1 -4.3886947959422685425108025488975445207681358353330036819042818044468939156488491958510490268115525942e-52 
6 1.9768005248807079409674142646876487949825218493060674518346786499023437500000000000000000000000000000e-09 
0 8.4175395190694002334197421077988110482692718505859375000000000000000000000000000000000000000000000000e-03 
3 2.4903793234882527080076286551957309711724519729614257812500000000000000000000000000000000000000000000e-02 
0 3.2864324658366057023613197184836775886822299122892189104828552294877556263362316987924277029158486392e-70 
6 1.2123737451135889811593138176704087527468800544738769531250000000000000000000000000000000000000000000e-03 
30 1.8456437050552631242630733428983225152819613867904990911483764648437500000000000000000000000000000000e-07 
1 1.1235170338748586177825927734375000000000000000000000000000000000000000000000000000000000000000000000e+09 
1 -7.0914492279825231526046991348266601562500000000000000000000000000000000000000000000000000000000000000e+05 
0 -5.8898040901492288412555353716015815734863281250000000000000000000000000000000000000000000000000000000e+02 
14 1.9212057705163310000000000000000000000000000000000000000000000000000000000000000000000000000000000000e+15 
5 8.5844099384300910974283840482374798031006690735011943615972995758056640625000000000000000000000000000e-10 
0 -3.2565575045282258328611414530020639473972821065217431169003248214721679687500000000000000000000000000e-10 
12 1.6856461257570192271981746046094485791400074958801269531250000000000000000000000000000000000000000000e-04 
1 8.3586419051029784604907035827636718750000000000000000000000000000000000000000000000000000000000000000e+06 
58 2.7972311978593715764418448088690638542175292968750000000000000000000000000000000000000000000000000000e+00 
6 3.8820368225186604261398315429687500000000000000000000000000000000000000000000000000000000000000000000e+08 
0 -2.0287240060371152682328680787575518116015034457333086105787403773217539387428846429323709507741757911e+279 
4 6.9265038075126399412554478297731133603840000000000000000000000000000000000000000000000000000000000000e+40 
1 5.3302656420045210265696266754659772494628954897633074292451466662836410148853303243034883449869728700e-135 
0 -4.4696812023295750977444408677553532835646494742207401586970725968110492594954842776974802957605063964e-289 
2 4.5591089829807853698730468750000000000000000000000000000000000000000000000000000000000000000000000000e+08 
14 5.4557027020021915675318524563408573158085346221923828125000000000000000000000000000000000000000000000e-02 
3 1.8242299861562816792069246148914430235393159772349745601241407245469787060997235874233834407948889607e-60 
10 3.9794910805265800030244531938598828713082866670447401702404022216796875000000000000000000000000000000e-09 
17 3.3326452324287480115890502929687500000000000000000000000000000000000000000000000000000000000000000000e+08 
0 3.6239369734047681951683340137275457504273390441085211932659149169921875000000000000000000000000000000e-09 
1 2.3570589162218334197998046875000000000000000000000000000000000000000000000000000000000000000000000000e+10 
1 -5.9579654779739084915490821003913879394531250000000000000000000000000000000000000000000000000000000000e+03 
15 1.5126580735967745661163519343972438946366310119628906250000000000000000000000000000000000000000000000e-03 
20 2.5090833933050025666661476671064068266758795289206318557262420654296875000000000000000000000000000000e-08 
4 7.0664335057172421976909911650599482868528866674751043319702148437500000000000000000000000000000000000e-08 
0 1.0085499794520296504926288461288689428013621654256684635636020787300727983015604137771906358669405020e-48 
2 4.7241985951665102058131690456975190657647498066756712351489055947297724664623302568959555415139400791e-36 
1 9.2623835527975961829091901930856411428329967031386751279853358275882257397841920000000000000000000000e+78 
13 7.7481027331483209863449701515492051839828491210937500000000000000000000000000000000000000000000000000e-01 
19 1.3738836125459712861340833001122518908232450485229492187500000000000000000000000000000000000000000000e-02 
4 6.1108639863450409102085814083693549036979675292968750000000000000000000000000000000000000000000000000e-01 
0 -3.8588565905876065151303144773464737227186560630798339843750000000000000000000000000000000000000000000e-03 
12 1.6414223972186794994452706019751420806583602643793917685854921728605404496192932128906250000000000000e-15 
0 -1.3252049877105516613066525332645557988531237469942425377666950225830078125000000000000000000000000000e-09 
0 -1.1028890542068913160665635055875790216827387860383220959777709378183649551005044662249397388307471059e-192 
0 -4.8728370318464747645847978674282785505056381225585937500000000000000000000000000000000000000000000000e-02 
10 5.5932493230683736503124237060546875000000000000000000000000000000000000000000000000000000000000000000e+07 
0 3.5813446867912450541013291704928178660338744521141052246093750000000000000000000000000000000000000000e-04 
0 6.4193075678852909326954550448291084861799653315576690952777139030492484565351488246178875497783863869e+115 
20 8.5208724642552099609375000000000000000000000000000000000000000000000000000000000000000000000000000000e+12 
0 -2.7249175267649897406576777968543857229527602875629455070338735822588205337524414062500000000000000000e-14 
23 2.9893475608777508735656738281250000000000000000000000000000000000000000000000000000000000000000000000e+09 
1 -1.0949132266364067792892456054687500000000000000000000000000000000000000000000000000000000000000000000e+08 
7 4.0508687970074236392974853515625000000000000000000000000000000000000000000000000000000000000000000000e+08 
1 1.3482313131979902224711671199207520365840993906494937881745954655343666672706604003906250000000000000e-15 
1 -1.4037378317861258983612060546875000000000000000000000000000000000000000000000000000000000000000000000e+08 
16 7.7712787763984324772292833216624785563908517360687255859375000000000000000000000000000000000000000000e-04 
2 1.6501212446443989499397910056458283619509776121321946490340149386027952851351908448505407818675650567e-43 
1 -1.2747204350298636404890094148828483255897481285501271486282348632812500000000000000000000000000000000e-07 
12 4.4066481309106488000000000000000000000000000000000000000000000000000000000000000000000000000000000000e+16 
1 -8.7422546899867464197329394969732759272413876227775031305830400000000000000000000000000000000000000000e+59 
4 6.6976570206134794279932975769042968750000000000000000000000000000000000000000000000000000000000000000e+06 
6 3.2804835323737244409534252395643783017931127687916159629821777343750000000000000000000000000000000000e-07 
1 -9.3045968237628811912970905889679231728491442930391337947627520000000000000000000000000000000000000000e+61 
0 8.4841460988725329403843060737762756511032384833518473119122828672322733333133361475967459893053973345e+152 
1 1.7367403266491608284885155840000000000000000000000000000000000000000000000000000000000000000000000000e+27 
1 1.6253097727049550414085388183593750000000000000000000000000000000000000000000000000000000000000000000e+08 
11 6.4547319067784229821194315335208813166900654323399066925048828125000000000000000000000000000000000000e-07 
2 3.7098132376987886793529014539672061800956726074218750000000000000000000000000000000000000000000000000e+00 
35 2.3554455407383874110394117451505735516548156738281250000000000000000000000000000000000000000000000000e+00 
2 9.7014503902483097672916623199768082486116327345371246337890625000000000000000000000000000000000000000e-05 
7 4.3141176568583813476562500000000000000000000000000000000000000000000000000000000000000000000000000000e+11 
0 -9.1141972796280651092529296875000000000000000000000000000000000000000000000000000000000000000000000000e+09 
0 9.5804750641668301661675838356557092117578182077738303082201088000000000000000000000000000000000000000e+61 
8 2.8989332743103411885146212157502945812260954777661581260872480925172567367553710937500000000000000000e-14 
0 2.0981372743906212803203765719419799649370790664348911591210138078773255571241944419881133277947217606e+297 
10 9.1700417087131256914221298301437279576475702924653887748718261718750000000000000000000000000000000000e-07 
3 3.1324865205382392408837793039422248142500393441878259181976318359375000000000000000000000000000000000e-08 
2 1.0894729820732845942829686639030661865490401396527886390686035156250000000000000000000000000000000000e-06 
1 1.9927651474863591337307650073006715658784154754287352578236331806894461725849791370203160903680000000e+93 
0 -6.5925093296655562500000000000000000000000000000000000000000000000000000000000000000000000000000000000e+14 
3 1.0174389207648627460002899169921875000000000000000000000000000000000000000000000000000000000000000000e+08 
0 3.1212022737286777999052996410634216794368867355315968587594298388134715168398697706574871318957789760e+225 
1 1.8957217027271620158690793034317323417781153693795204162597656250000000000000000000000000000000000000e-05 
46 6.8332806635363100514896084192173475457821041345596313476562500000000000000000000000000000000000000000e-06 
0 1.1128287308950704963474289737023734467816195237920077112137575133028427687103261310983765247546145925e-166 
2 2.1212402306251406669616699218750000000000000000000000000000000000000000000000000000000000000000000000e+08 
7 9.4260756679580718994140625000000000000000000000000000000000000000000000000000000000000000000000000000e+10 
1 -1.9694065415588002544272248991113634531044499801691894964847470472667657637030781167777062521032525131e-132 
0 -1.0815916533533675973347762611562443582540361925985880374665293022172219529126893680936718149142558850e-42 
2 1.0371286137567506102641345933079719543457031250000000000000000000000000000000000000000000000000000000e+03 
1 1.6772933742049129094295316454107196898565303165679324829311891289292326858375944140632563719778268562e-98 
60 4.1723187120554462126165162771940231323242187500000000000000000000000000000000000000000000000000000000e+02 
1 -3.3584349914115819112341715380054552042565774172544479370117187500000000000000000000000000000000000000e-05 
1 -1.7855739417396299750879915472700395451030472641550753536786433292878627359565690392211303381243088159e-37 
1 9.7980820504108019545075079429868747563637923394950325751183014252102150308198484191093939293153887720e-143 
3 2.8889513195333780972876185529915542392012800000000000000000000000000000000000000000000000000000000000e+41 
1 5.6128065279230104351881891489028930664062500000000000000000000000000000000000000000000000000000000000e+04 
0 -2.2663864021095386541877758634910833279718644917011260986328125000000000000000000000000000000000000000e-04 
1 3.0837297272119183843104791417671714246258497340202706785665881912544676884365842928616118751519975796e-117 
1 -1.6272676934602755737304687500000000000000000000000000000000000000000000000000000000000000000000000000e+11 
17 2.7450631716920306617246705371826465125195682048797607421875000000000000000000000000000000000000000000e-03 
1 5.3049168615772578908614513391525657759473233454627916216850280761718750000000000000000000000000000000e-08 
23 2.5292238627833012506330903507697821421679185149855584313627332448959350585937500000000000000000000000e-11 
5 2.8270946898270907402038574218750000000000000000000000000000000000000000000000000000000000000000000000e+09 
1 -1.5986649715987899899482727050781250000000000000000000000000000000000000000000000000000000000000000000e+08 
3 1.3204608603921581105494494992560817515653975862122138096310663968324661254882812500000000000000000000e-12 
2 5.3401620398038154723619383341664898146876424569508827129886568203956807161898280109396114501061784726e-75 
1 9.2890735624505518797100478423089953139424324035644531250000000000000000000000000000000000000000000000e-02 
2 2.5797230930525819963388022951044273280321400250290416356502981587439649047155398875474929809570312500e-20 
17 2.7621967472002550986068594718325641679257387295365333557128906250000000000000000000000000000000000000e-05 
40 9.0882473311710437486460323341930234164465218782424926757812500000000000000000000000000000000000000000e-05 
0 1.9384011750059918587564083064991370778349609844211221601544142215687990355372747544066149842944000000e+95 
0 2.7126002858812727694096065096629426262020784301059369013731781855555357809712240692763248700636462079e-150 
0 9.3619481138506184220429544583830400377283187189685943145395003450335426026266221194738121578155193922e-76 
7 1.9384215240617487085311720917957245546858757734298706054687500000000000000000000000000000000000000000e-05 
36 7.1993369961412259726785123348236083984375000000000000000000000000000000000000000000000000000000000000e+04 
1 -3.9505301577313056250000000000000000000000000000000000000000000000000000000000000000000000000000000000e+14 
47 1.2303053538699619369402478430419733967937645502388477325439453125000000000000000000000000000000000000e-05 
1 -4.2724453601598554956103680000000000000000000000000000000000000000000000000000000000000000000000000000e+25 
1 -3.1007556940694607699325166994106360928553505438931500262938227531238899075507008921274576643535851362e+127 
26 2.1792238845737299003657572171732681454159319400787353515625000000000000000000000000000000000000000000e-04 
0 7.9576987321552106920769069657592677694199694854454952519425157868469973123975560180535843382294628218e-91 
3 9.9445284071987166738212164190102171221547781949165613911422717547804617926887615908526640851050615311e-26 
2 1.8496555499650371202368358274181514146593731011379213185908635945088376716510452611894196784269517837e-89 
1 -3.5889397786792202947894459083622772664986592296226616062332550632915327175435059347687259514261930109e-52 
5 9.9077029994491548883154934113104417292561265639960765838623046875000000000000000000000000000000000000e-07 
74 1.1774772121382111322862584756876458413898944854736328125000000000000000000000000000000000000000000000e-01 
1 5.8345894964193079888735967331883444811001344804738442646182371601867040825683296540217177077620216951e-73 
10 1.8693664728686496800946770235896110534667968750000000000000000000000000000000000000000000000000000000e+03 
1 -4.0955165513582450342891533366393392928336836256164588121464475989341735839843750000000000000000000000e-12 
1 6.9485765955860685494371864479035139083862304687500000000000000000000000000000000000000000000000000000e+00 
34 2.5770000645354899476398638502594451438199030235409736633300781250000000000000000000000000000000000000e-05 
0 2.0881932513422976803624574455787012041478734901145791170909055534291418409461456058724770231220533910e-160 
3 1.2454362867629758300781250000000000000000000000000000000000000000000000000000000000000000000000000000e+12 
0 1.0160114942709194352232771052513271570205688476562500000000000000000000000000000000000000000000000000e+01 
1 2.8483152522474291263425726544776875326370202401449205353856086730957031250000000000000000000000000000e-10 
60 7.4913077306731263860228864359669387340545654296875000000000000000000000000000000000000000000000000000e+00 
1 1.0983896029531287297231756383553147315979003906250000000000000000000000000000000000000000000000000000e+02 
1 1.2133976989212380349636077880859375000000000000000000000000000000000000000000000000000000000000000000e+08 
1 -1.9989063145770636296500522001668674672148694292945536689741756618506240000000000000000000000000000000e+69 
1 -7.0865939499445001522483077171526287425592836708244852519824010764069422951975730371102057978658718692e+105 
67 1.1766177997565077930630650371313095092773437500000000000000000000000000000000000000000000000000000000e+03 
1 -6.2962483648176625000000000000000000000000000000000000000000000000000000000000000000000000000000000000e+13 
8 1.9307710667060281966266044317848127320758067071437835693359375000000000000000000000000000000000000000e-04 
17 7.2008472799532059580087661743164062500000000000000000000000000000000000000000000000000000000000000000e+06 
6 1.9803496239429296110756695270538330078125000000000000000000000000000000000000000000000000000000000000e+04 
12 5.2684101148783159255981445312500000000000000000000000000000000000000000000000000000000000000000000000e+09 
1 9.3429466764741016504558501765131950378417968750000000000000000000000000000000000000000000000000000000e+02 
1 1.9308121239344011543139357882370443775243984418921172618865966796875000000000000000000000000000000000e-07 
1 6.7864307958524340530646250333607349958242593856994062662124633789062500000000000000000000000000000000e-09 
1 -2.5046230898810688917543691880931100479448675353176425052952767278000780468190764622736613151942104912e-77 
1 6.0303232733379285774062649844247467577979855766768371554689266137785527704361833479313580065777830656e-123 
0 -3.0752375384291018369909713290971180455872859718058611320238348768675577734896917745651221120607031177e+163 
1 1.0688839461533294618129730224609375000000000000000000000000000000000000000000000000000000000000000000e+08 
2 4.8681786224867047486537191576716347111473602159681012502085025316114940370517068674498560000000000000e+87 
0 -5.2183764551291979529455320428732445492414626642130315303802490234375000000000000000000000000000000000e-08 
1 -2.3968337974581255803682835367063643946616543469490640755507443345092316450988237757486180104297481423e-88 
1 -4.5747586667505578819763618339186428407572293508565053343772888183593750000000000000000000000000000000e-08 
0 2.8573971616120030963653921869765685620780047870554041184342828530498541994080296382655426903619255756e+231 
0 1.5343249531462325308651759132033429185772758504901386657382824415529413452466339101996531600778241610e-49 
1 -1.5080066503940768064817579130476588034071028232574462890625000000000000000000000000000000000000000000e-03 
178 6.1973950945183471361588090076111257076263427734375000000000000000000000000000000000000000000000000000e+00 
1 -1.5555603914694834510185073028765145863872021436691284179687500000000000000000000000000000000000000000e-03 
1 1.0172721105215335598755542576105358708316028781837303540669381618499755859375000000000000000000000000e-10 
0 2.1019650786171628107715440131851580840560700380592606961727142333984375000000000000000000000000000000e-09 
1 -1.1464476770808973511236832962331186765163060923686164338593072149125530727137171396747622011356288611e-292 
11 2.9200953537033675224947446689727778915135480986009497428312897682189941406250000000000000000000000000e-11 
0 2.6642399979148707763678282581696128595231680168613518722946579669225711201034074917100925458711789294e+129 
1 -8.2296274680193992322751265328335564037845299700801859899002010934054851531982421875000000000000000000e-14 
0 -2.7799440134978186749620285151691225140599208811735959221479313720990929030002647189846720694265708582e-280 
0 -1.2715519450896984056984859445369392879409062626732131674043277715870739674295748483908466021143597062e+246 
1 -7.2543416170151623953767390518751193782943432141959873743292827621559450398308957681464103774555314465e-216 
1 1.2901168755270639110221964074298739433288574218750000000000000000000000000000000000000000000000000000e+01 
0 4.3204322129009920172393321990966796875000000000000000000000000000000000000000000000000000000000000000e+05 
2 1.0476538779902056137797085355555528707395567454145409258385973174950784102530503638466257559924699194e-33 
1 -2.7909762330095887184143066406250000000000000000000000000000000000000000000000000000000000000000000000e+08 
0 -4.1265959754790776869374374635768276675662491470575332641601562500000000000000000000000000000000000000e-05 
0 2.5930326473237440950470045208930969238281250000000000000000000000000000000000000000000000000000000000e+04 
28 1.7831447157750747203826904296875000000000000000000000000000000000000000000000000000000000000000000000e+09 
0 2.3202237107416104442684753531905117862611102869054040657602661608571520395246606000076613293881223215e-141 
8 1.6923879086785241498969156737075536511838436126708984375000000000000000000000000000000000000000000000e-02 
0 -2.0633109870294528563790248387732617629808373749256134033203125000000000000000000000000000000000000000e-04 
3 3.4994167723474207043130035366118590900441631674766540527343750000000000000000000000000000000000000000e-04 
1 1.4567500488234167490623192399434859822804355644620954990386962890625000000000000000000000000000000000e-07 
5 8.3214784939659088850021362304687500000000000000000000000000000000000000000000000000000000000000000000e+07 
1 -4.5437958080445182998248975024724951554616907411043049205904920519802488532376284091493996602778406324e-253 
0 3.7524229081575504267196258822320988191231557033649454299731985946392421353979385783231301434532045593e-126 
6 4.0302294964190893173217773437500000000000000000000000000000000000000000000000000000000000000000000000e+09 
1 2.9608747629962608408032587009395011905293369256694694228666843007964416762692334410393076697012171893e-125 
