1.3781843780074866803322975142179034058198539014483685605227947235107421875000000000000000000000000000e-10 9.2759713748391847247773657227215615645935900980451375597420287649757436822797490503729177450038161306e-309 7.6981100263079092689322108803212581681973196801030426877493248000000000000000000000000000000000000000e+61 2.0830390968653301184999870887537554153823293745517730712890625000000000000000000000000000000000000000e-04 
5.1051547676734148990362882614135742187500000000000000000000000000000000000000000000000000000000000000e+05 9.1339602614893523861762808786012039461712221526957181071125230567830339919601111575853122191360000000e+93 3.7949484634192274648131690426718966481013827457091414631842134504686414108481518574688534528000000000e+91 2.2415964935067813974436357583090738762054258068133271747531830399988988796773970291225070297430003313e-37 
3.3430806823655485615631732798647135496139526367187500000000000000000000000000000000000000000000000000e+00 3.6820365141032766550779342651367187500000000000000000000000000000000000000000000000000000000000000000e+06 3.3685021897096039683663396238281289609171130252311532337313438245219939510507822494101000404610156405e-280 2.7839582627177272985095901614016611347324214875698089599609375000000000000000000000000000000000000000e-05 
1.5283129496628696056129399156392728908443612363793874343885021358498006280666743614877583906621625537e-99 7.8603250546055229915015413760000000000000000000000000000000000000000000000000000000000000000000000000e+27 7.9627607263749829144217073917388916015625000000000000000000000000000000000000000000000000000000000000e+04 4.1256050354173696703696805343497544527053833007812500000000000000000000000000000000000000000000000000e+00 
5.7131594904565795286827615760173372638202231678274111531963278474474997936344697077402437777028266750e-136 7.6949480650311116778140168577544204893603442694339515197923748702649322461522758859232634900316160000e+96 3.7522467342583204299444332718849182128906250000000000000000000000000000000000000000000000000000000000e+03 1.0555228711550762539537276083807413804005470581159897847101092338562011718750000000000000000000000000e-10 
2.5200934996301229883364358194358536050587992064000000000000000000000000000000000000000000000000000000e+47 1.4764694476818729701128089844690091042300312965459175152640666160966707078570813205112941903993180471e-65 5.8120868104634523711865545791965814714785665273666381835937500000000000000000000000000000000000000000e-04 8.0610788417752686996209376957267522811889648437500000000000000000000000000000000000000000000000000000e+01 
1.4514824264805553172752103363585263196000596508383750915527343750000000000000000000000000000000000000e-05 3.1385748807625502754552212761253882772338741347084578592330217361450195312500000000000000000000000000e-11 4.6357779567974127798990480187057983130216598510742187500000000000000000000000000000000000000000000000e-01 2.0783848704269125591963529586791992187500000000000000000000000000000000000000000000000000000000000000e+06 
4.5058848794098303073210950875083851505346969656719679616468630069467425768792869468270565628652299550e-298 1.9960051653814541623432887718081474304199218750000000000000000000000000000000000000000000000000000000e+03 6.3294741342250474957034325704929985864644059745387494331225752830505371093750000000000000000000000000e-11 5.9565760307104572896832489337517557801554568541746448318008333444595336914062500000000000000000000000e-12 
1.4766781815084483922274850506428656160551327047869563102722167968750000000000000000000000000000000000e-06 3.9124475541457197635963893844746053218841552734375000000000000000000000000000000000000000000000000000e+00 3.4895497852116200374439358711242675781250000000000000000000000000000000000000000000000000000000000000e+05 1.5238286705969455273892119995249316843910492025315761566162109375000000000000000000000000000000000000e-05 
1.9026657675886159375000000000000000000000000000000000000000000000000000000000000000000000000000000000e+14 2.4041385291939698676239860124414454454624752788074386703157939822458626284385977098563383772131098624e+100 2.0709919540818545144659029051806059182339048163612460484728217124938964843750000000000000000000000000e-10 5.9854398761045591004609645490901726101701187298844279055293903947801443134160832092074663606202861312e-62 
2.1916329302702064604421727800342978298431262373924255371093750000000000000000000000000000000000000000e-04 4.3656594408736588097398359050330272006465159871106159700505989170626204637999052143403479929798578993e-55 2.1110474672917688208732822641167103938641957938671112060546875000000000000000000000000000000000000000e-04 3.6655252236362360417842864990234375000000000000000000000000000000000000000000000000000000000000000000e+06 
6.1632453750707418875829943137726302793283372318720000000000000000000000000000000000000000000000000000e+48 4.3751471544131510555734225286330970941506800231390883482163189910352230072021484375000000000000000000e-14 1.6810899524595433831564150750637054443359375000000000000000000000000000000000000000000000000000000000e+03 1.2128464899700820522796135370263230190319996164307679117675504094386521421707315539258268490868274577e-70 
1.6658227306891077064421313735920193721540272235870361328125000000000000000000000000000000000000000000e-04 2.4002332949527293443679809570312500000000000000000000000000000000000000000000000000000000000000000000e+08 3.1037385664734836655318829131901787090084717880545517283455502183015409987493725617787512217162840186e-155 4.0697350220315800152889079402248629513858604458485591996612454217939911136483141749569903280861061519e-54 
3.0881020356060944289743302616195495621761317389550892494848419352060364673207004670985043048858642578e-24 4.1742331938685795716481672507081057688083092216402292251586914062500000000000000000000000000000000000e-07 1.6779672455029403668559178670302265828256487659130273456040520343101283898938699036849625222464668019e-56 4.0719603743226320919796843350887435116139682885271552000000000000000000000000000000000000000000000000e+52 
4.0382225206487739748188389721228475082170916721224784851074218750000000000000000000000000000000000000e-06 4.2375544050867516160385761736506537999957799911499023437500000000000000000000000000000000000000000000e-04 5.1675529018103967246133834123611450195312500000000000000000000000000000000000000000000000000000000000e+04 4.8332221130281429463769872576645036943432387488428503274917602539062500000000000000000000000000000000e-08 
1.1906976091852416992187500000000000000000000000000000000000000000000000000000000000000000000000000000e+12 5.7707248546599691962910583242774009704589843750000000000000000000000000000000000000000000000000000000e+02 7.1537462297740807282142583289896720089018344879150390625000000000000000000000000000000000000000000000e-03 2.6973493405591977028640598913929171676073792696115560829639434814453125000000000000000000000000000000e-08 
5.4078794074391917092725634574890136718750000000000000000000000000000000000000000000000000000000000000e+04 2.5928966434940212693049943482037633657455444335937500000000000000000000000000000000000000000000000000e+00 1.9884010949834197381132212188106960372642142302829853267328409329735362468937354823994567709632974584e-29 4.5374793688645919594389493931548335984576146045055229092950337126400000000000000000000000000000000000e+65 
6.8416204083798556785281689373329023654006745096572108800000000000000000000000000000000000000000000000e+54 3.9105483967534015625000000000000000000000000000000000000000000000000000000000000000000000000000000000e+13 3.4396759875329283825759748793047269339292498486612033856904295785157778303166621164553088805434802527e-267 1.7477905501125708007812500000000000000000000000000000000000000000000000000000000000000000000000000000e+12 
2.7124713424239973392104730010032653808593750000000000000000000000000000000000000000000000000000000000e+04 5.5796458789536858726903327385190400000000000000000000000000000000000000000000000000000000000000000000e+32 1.6814988897599707274656841236165627506693454051855951547622680664062500000000000000000000000000000000e-07 1.5131255850906508594467250702175940980056530104337400672902717949269135451310919204814808836090378463e-27 
4.8800768242654942121464473504923894394594440664963518749246305282893175673492144576379742932389463720e-71 2.5810954958486896000000000000000000000000000000000000000000000000000000000000000000000000000000000000e+16 4.7350479326996011447871355358594717416735451746645463343416146333259636714393259647732250469357687395e-296 3.3037822549534856465564627120662184960932177266863088090112943512394886397751721984000000000000000000e+82 
8.2555815379926893787426093188033164680522668632534077914897352457046508789062500000000000000000000000e-13 1.7167701620213768542452978143488902449387846662826075012606037705359360000000000000000000000000000000e+69 4.8180537849536190627623526150369315246280166320502758026123046875000000000000000000000000000000000000e-06 3.0854298071220874670017413066158695755802909843623638153076171875000000000000000000000000000000000000e-06 
2.8666702674592776192000000000000000000000000000000000000000000000000000000000000000000000000000000000e+19 1.9198932821234826289202954319327769827599862451091776017712882418949278535827732447262178701638612134e-308 1.0679791851070111083984375000000000000000000000000000000000000000000000000000000000000000000000000000e+11 5.0555608841500416398048400878906250000000000000000000000000000000000000000000000000000000000000000000e+07 
2.1930687876018811948597431182861328125000000000000000000000000000000000000000000000000000000000000000e+06 1.7231918767468943260610103607177734375000000000000000000000000000000000000000000000000000000000000000e+06 1.8575120484160472869873046875000000000000000000000000000000000000000000000000000000000000000000000000e+10 1.4890065224316869826031151138350194062150162274304875388371914070877662131141845886959616000000000000e+88 
1.8130250414140164930316829210099749954181294788991811762007922420740691477833599624866328833461239984e-284 7.1539271057979328816145425662398338317871093750000000000000000000000000000000000000000000000000000000e+02 1.0881466499951440429687500000000000000000000000000000000000000000000000000000000000000000000000000000e+12 8.5039699381438545480287314881565383492028035067642043066293735131440075887444949895126553415356668373e-75 
3.3449438895199906395052890808378232375383189591233763737600000000000000000000000000000000000000000000e+56 2.5900022570003185272216796875000000000000000000000000000000000000000000000000000000000000000000000000e+10 1.2540368727659694235604015178733706940604418573205611787244179543818240000000000000000000000000000000e+69 1.4116823498284540669386282997965417762564754866616567596793174743652343750000000000000000000000000000e-09 
6.5463723781825583428144454956054687500000000000000000000000000000000000000000000000000000000000000000e+06 1.5893375357552215604762826419905649493068499663130823656447490016249019445247119116860806993643898175e-297 1.8857681119300925521920000000000000000000000000000000000000000000000000000000000000000000000000000000e+21 2.0050944909647656876605941266304204800000000000000000000000000000000000000000000000000000000000000000e+35 
5.7382698969034535985134226621084962971508502960205078125000000000000000000000000000000000000000000000e-02 9.8040800168712114100344479084014892578125000000000000000000000000000000000000000000000000000000000000e+04 3.0378506534457924317393917590379714965820312500000000000000000000000000000000000000000000000000000000e+03 3.8617222627184610850292756367707625031471252441406250000000000000000000000000000000000000000000000000e-01 
6.1897807333874522402492224870344834448590557456837654242821920259741328714156552997104920965551168874e-309 4.6645933738435852930481750888702663360163569450378417968750000000000000000000000000000000000000000000e-06 2.1075170462317399122364082187904357756913498178619192913174629211425781250000000000000000000000000000e-09 2.1621959379001317921314044029599567547234029163405466533731669187545776367187500000000000000000000000e-11 
1.3813912033203320267220241696353062732516292498985421843826770782470703125000000000000000000000000000e-09 5.1551713012349983026128458958429593469562773888625883955683093518018722534179687500000000000000000000e-15 1.9991150260429512993403223148671258948615557611520000000000000000000000000000000000000000000000000000e+48 3.9361904391312753437977339576971517115500554068990012489773401741144587733644591903172978151562794456e-51 
7.1498832956493320465087890625000000000000000000000000000000000000000000000000000000000000000000000000e+09 9.9290693923859285876643054304196050865953964012516985193725046893481090246870739522000296568046981788e-172 1.6774177501175172292418215160589127499246586694425786845386028289794921875000000000000000000000000000e-09 7.5243222452099715125042699125785524972746566242263165391001670633738374420001498071040000000000000000e+85 
3.4801028778887954862582683886582830680048803881659697798468862091548635669690042873055426734018345044e-149 2.0543801675671107357910678110174445568000000000000000000000000000000000000000000000000000000000000000e+37 1.1202312307083768239124310639454051852226257324218750000000000000000000000000000000000000000000000000e+00 4.5505625971263938822630734648555517196655273437500000000000000000000000000000000000000000000000000000e+00 
1.0197933890298430175781250000000000000000000000000000000000000000000000000000000000000000000000000000e+12 1.9347337013451796025037765502929687500000000000000000000000000000000000000000000000000000000000000000e+07 5.0335514814013773575425148010253906250000000000000000000000000000000000000000000000000000000000000000e+06 3.2142320350063174032068929313402980921859285765324800000000000000000000000000000000000000000000000000e+50 
6.9811260613626661300659179687500000000000000000000000000000000000000000000000000000000000000000000000e+09 2.3425535132958665509466701648566555604702443815767765045166015625000000000000000000000000000000000000e-06 2.9394966660048962277327743580768171227646234910935163497924804687500000000000000000000000000000000000e-06 5.8938454847845586482435464859008789062500000000000000000000000000000000000000000000000000000000000000e+05 
6.1648172970396584375770289127251294721142671844824044740602361009429340381154485809659418933131729693e-255 2.3195757896152512885243045725635658176436273942084710213919381564947707174322176000000000000000000000e+79 3.2992280352792954052285057109372701233951374888420104980468750000000000000000000000000000000000000000e-05 3.7116745796949673136475383565822754051695495786100664759032952133566141128540039062500000000000000000e-14 
1.1900548489468108541853539084723337983294168842824660994048918010937634618017091565021899211164666255e-301 1.1572046011720965279635613132125371294023352675139904022216796875000000000000000000000000000000000000e-05 6.2180799681021770367039813720566598931327462196350097656250000000000000000000000000000000000000000000e-03 2.8430688872288858298764679943815281148999929428100585937500000000000000000000000000000000000000000000e-02 
6.1940999585104751154098868282001568413845649124164907125499059896094663158981527862981742611660800000e+95 2.7278333368414139840751886367797851562500000000000000000000000000000000000000000000000000000000000000e+05 1.7839715356252165701089751337349298410117626190185546875000000000000000000000000000000000000000000000e-03 1.5659114739540369555470533668994903564453125000000000000000000000000000000000000000000000000000000000e+04 
1.6035939618948843750000000000000000000000000000000000000000000000000000000000000000000000000000000000e+13 5.9054529440625958144664764404296875000000000000000000000000000000000000000000000000000000000000000000e+07 7.0295315069952057674527168273925781250000000000000000000000000000000000000000000000000000000000000000e+06 8.9926282185397802562271287903980696777368893868047746863048638836131046371538035763129052140753840829e-57 
6.8893337592561101478184529463955062284222283683800433577077124039275056453386240000000000000000000000e+78 1.4923025916153891221835531203809738873013278277164046020473165914117499963519251575476785819139000117e-308 2.1766573430047312536807224692125828369171358644962310791015625000000000000000000000000000000000000000e-04 2.8977932006687117034853010420875694304614252072571645157950115390121936798095703125000000000000000000e-14 
5.1258376662460873558553308618072200807620723998646236180744876312563386256152878170534453443048838916e-252 1.0562396098853079974651336669921875000000000000000000000000000000000000000000000000000000000000000000e+08 9.8926790632929723079413975028728600591421127319335937500000000000000000000000000000000000000000000000e-02 6.4958668737459523967459062987472862005233764648437500000000000000000000000000000000000000000000000000e-01 
5.1018185283166002482175827026367187500000000000000000000000000000000000000000000000000000000000000000e+06 1.1536875918465082022090761881827347679063677787780761718750000000000000000000000000000000000000000000e-02 6.1224080157080561548355035483837127685546875000000000000000000000000000000000000000000000000000000000e+03 9.9700798698478783926125533494409617548057990761231469999180538169849035279097801853993865342948751223e-57 
6.9979465456552803516387939453125000000000000000000000000000000000000000000000000000000000000000000000e+08 1.4796974623421616920105270025902133025649279046919418357246037163759831097624608279872583211828035166e-89 2.7517441491487325407235479343161493187563948481511033605784177780151367187500000000000000000000000000e-10 2.7618708546721419950632195018747960145054593047164127724209583998706711443890214174897058224401396263e-48 
4.6094196399865525667961818102880133807275342405773699283599853515625000000000000000000000000000000000e-07 1.1823376227629356741343240314230135512563180100187310017645359039306640625000000000000000000000000000e-09 7.6763084143055755677130529979094613814837074950945949024868986396807564857184170103511954290970913848e-283 1.3580174907062909314965898162264482863350873625747479913779908241539447221336404975772864015414963765e-83 
4.1112128202786814654245972633361816406250000000000000000000000000000000000000000000000000000000000000e+04 3.0219111889530220031738281250000000000000000000000000000000000000000000000000000000000000000000000000e+10 5.6323334015958508390749334628953708338082913344270303708725676518467198849852744098399838512486696302e-154 3.5376041379991738722310401499271392822265625000000000000000000000000000000000000000000000000000000000e+03 
3.4609588445924005498202218813397042987008000000000000000000000000000000000000000000000000000000000000e+40 1.2676805907061085676446055003907531499862670898437500000000000000000000000000000000000000000000000000e+01 5.9721797996979421004652976989746093750000000000000000000000000000000000000000000000000000000000000000e+06 4.3975066752032302548694265630478004348847961289209430529642870351743261321617661716501969846869972680e-49 
8.2516682545059568711087738535070457146503031253814697265625000000000000000000000000000000000000000000e-05 1.2159491459122038269042968750000000000000000000000000000000000000000000000000000000000000000000000000e+11 9.6839376027955914594258501892909407615661621093750000000000000000000000000000000000000000000000000000e+00 1.5591791165478719419247864781708392815248575690324078779624983326357323676347732543945312500000000000e-16 
2.7008656679228006385496546615243573796760756522417068481445312500000000000000000000000000000000000000e-05 4.9827595144444477551170982715523400890401865584015562714013302193725627407184202482436342829235759348e-276 5.7865722149674452923044654095718897224287502467632293701171875000000000000000000000000000000000000000e-05 5.2051472350303166360675297912400086758268974192353518903256095117723593218551222071888541037001971072e-47 
1.4197274073428031802177429199218750000000000000000000000000000000000000000000000000000000000000000000e+08 7.1484920307373770826027366124899832896989680311963884718430604239231289811994479299982483046300668423e-284 1.6119896508329338394105434417724609375000000000000000000000000000000000000000000000000000000000000000e+06 1.0624429183810681640368067668589446839177981019020080566406250000000000000000000000000000000000000000e-05 
3.3092897292189091956737811983657593373209238052368164062500000000000000000000000000000000000000000000e-05 8.6553952925251625977774876271131705035165356400049953256108063687670582181115714033408237993792812440e-216 8.1131210099450644037954225690992965391856728274433407932519912719726562500000000000000000000000000000e-10 6.1206046965300225974154725225306883373832533834502100944519042968750000000000000000000000000000000000e-07 
3.6487489801140810978626634427991278512886757535251440018542943997600705063028380600751844389397676025e-42 1.4095680087597662265862997682955674047609179178053295800054911524057388305664062500000000000000000000e-12 7.8437779474299483261278965633912374302047325336229022241241182200610637664794921875000000000000000000e-14 1.1236347193802752482665735511702109761245083063840866088867187500000000000000000000000000000000000000e-05 
3.8755203881773962008871989881526588315526143912387404444722104067496551081846385810995327114714115169e-33 3.9749373266541938444308116342508152436359931780731200937246231477321078643017367810755483757573112629e-104 1.4281002709845061234107907865403681650207134556453478004814664711424305268252372903342899200000000000e+89 1.0185034710010606659458254341643623774871230125427246093750000000000000000000000000000000000000000000e-03 
2.4388188991077917480468750000000000000000000000000000000000000000000000000000000000000000000000000000e+11 1.0894729820732845942829686639030661865490401396527886390686035156250000000000000000000000000000000000e-06 4.8243565240950133949510147957084882364142686128616333007812500000000000000000000000000000000000000000e-05 5.6048679586337016189645510166883468627929687500000000000000000000000000000000000000000000000000000000e+02 
5.7382043770604746208124898369690609087681587574536479223752394318580627441406250000000000000000000000e-13 3.1883538613044686227751488551119035740940825034403512037736067344725809561600000000000000000000000000e+74 1.5074297662784021097894083073371554689299667215637073143850139091049554474130173942393991084264645457e-108 1.3956824289050651714205741882324218750000000000000000000000000000000000000000000000000000000000000000e+04 
8.5785855599427236484189052134752273559570312500000000000000000000000000000000000000000000000000000000e+02 1.7728231448372821137242832195192786161976150632035667345791554112373019861503746877441232076800000000e+93 1.0179008191498321692795944878149273067719132295290584036173482756028372856545053239015236665185869879e-242 3.2320859428427827358245849609375000000000000000000000000000000000000000000000000000000000000000000000e+08 
2.8338594314454493352107295322135598222830752455900119435192199632454265854712206652237154932507646399e-50 1.2620543792344362274254760615845963715039321472704145016854469383407994654839908731122245040289496098e-54 2.6633890734353010000000000000000000000000000000000000000000000000000000000000000000000000000000000000e+15 1.0376793634757361403665916187331953970411315294913226048320347006691075301680750813375554299521469453e-88 
3.6564270157825773765827632631134763707692059142573270946741104125976562500000000000000000000000000000e-09 3.8841388525208759438704584980293131298827021442907839164261412462430719411822078220941726279870039799e-72 6.5114303500195399417921097902468808381440567623004075197605160712612173250620292842724094295202747989e-215 2.3946225768816663212278933462109975241182704684934642259587482797053048145909120036706224836857272941e-76 
9.9505012448894080563577142034393841058377777955556986455576407024636864662170410156250000000000000000e-15 3.5779135511237594418480551879462371883238337055011501841215863705227733264701488706040922691186199307e-298 2.5172764909152883208377431325737908654921618864837350316407650603806500737497925182346353406561725758e-96 1.0098833561310699077906427589823579182848334312438964843750000000000000000000000000000000000000000000e-02 
1.5214379535141160960389460077291090556173003278672695159912109375000000000000000000000000000000000000e-05 1.0662519239121035498184123305187576136177085572853684425354003906250000000000000000000000000000000000e-06 1.1330377051083412765115909781599157213349826633930206298828125000000000000000000000000000000000000000e-04 3.2042673169826896837072208271908188052781914046799606899513947869225339732314804705915299505580786009e-93 
2.3203553058855108572368838577675009826606356000411324203014373779296875000000000000000000000000000000e-08 4.6505560015449421513641925507442920206813141703605651855468750000000000000000000000000000000000000000e-05 1.3341794989050097228755475953221321105957031250000000000000000000000000000000000000000000000000000000e+03 4.5454881501473062500000000000000000000000000000000000000000000000000000000000000000000000000000000000e+13 
4.2596591552053425115131348420438595070436349487863481044769287109375000000000000000000000000000000000e-08 1.6244668884119914545803634806800808149678929273786622068912022356839821115616351310251275208429433405e-28 1.4124857805280623926128600268362867573804238839540267668783095460753309315947912761842044518111882354e-279 6.6188970263281083984375000000000000000000000000000000000000000000000000000000000000000000000000000000e+12 
6.2054685699762835268824886338300711293999273038127792171170135007583926816430297044862055007512415517e-165 5.5645435554186355094569969777228046856160591747408883378511745831929147243499755859375000000000000000e-15 2.8367637955078739281443339138345793859485866050818003714084625244140625000000000000000000000000000000e-08 1.1766177997565077930630650371313095092773437500000000000000000000000000000000000000000000000000000000e+03 
1.2035355345765714311499803217469871198684100856896816477026547537488307803362116433866559307752483819e-80 2.5322435728540620117187500000000000000000000000000000000000000000000000000000000000000000000000000000e+12 9.7003338312253676190693996161940049205441027879714965820312500000000000000000000000000000000000000000e-04 1.8927220951927337111442284367512911558151245117187500000000000000000000000000000000000000000000000000e-01 
3.6237490231392282722116968740318661836800000000000000000000000000000000000000000000000000000000000000e+38 4.4657687666504058434085305817617950197018217295408248901367187500000000000000000000000000000000000000e-05 2.3826323952376496791839599609375000000000000000000000000000000000000000000000000000000000000000000000e+08 2.0463671809114449612629191561873371309837447685690535849066782712650861921534605915721375397457544173e-54 
1.0998416576409320462687227942825848221282157947797284936500818451295000940023016993408979846426107052e-74 6.4633388888591440215763238650036094809185642808113609499184184450875083049964595996262400000000000000e+86 9.7145547848091032971406354958523240904811687811813201422318209699330206866218751423838548216642972200e-148 2.2964076903952505058099200000000000000000000000000000000000000000000000000000000000000000000000000000e+23 
1.5947803028867150269348178907313423473672282186367260214427648000000000000000000000000000000000000000e+61 2.6092365531803029168887188224906368299182558398648474438978010634446770533774467845069144018770866051e-129 3.3888960830130076828936580568552017211914062500000000000000000000000000000000000000000000000000000000e+03 6.6624383782230481075216528812771299428163729317020624876022338867187500000000000000000000000000000000e-08 
1.7721209094056560111743990109528867807093198153686088420501881224779158537514441625070002320326008698e-62 5.7420254003910946846008300781250000000000000000000000000000000000000000000000000000000000000000000000e+08 4.9359371025103691319579332127720555126097031239802459502367133757870938025568668111479768170463827061e-232 5.0016987236489415168762207031250000000000000000000000000000000000000000000000000000000000000000000000e+08 
8.8089389287023070958942407154703919958085442944735020843008000000000000000000000000000000000000000000e+58 1.2120370773241655214007490067723571414148864278104156255722045898437500000000000000000000000000000000e-07 9.7923031139161893559327953543130754877112699616937864382536274470537436317476480540714182932716583378e-57 2.3471389141910496026990752661642439304954985658274183851356060881432341602703672833740711212158203125e-21 
2.5388412638362719414564239173159876372665166854858398437500000000000000000000000000000000000000000000e-02 2.9797563162117022047137170585166624266406150079512321399402779470899501764113334766577881491267187711e-50 5.7352420100189990234375000000000000000000000000000000000000000000000000000000000000000000000000000000e+11 2.0389830415359179687500000000000000000000000000000000000000000000000000000000000000000000000000000000e+12 
2.9158143329933940887451171875000000000000000000000000000000000000000000000000000000000000000000000000e+10 2.8429557872438671051185110627557151019573211669921875000000000000000000000000000000000000000000000000e-02 1.5794238033389019424235004061192905741931036267544641304994001984596252441406250000000000000000000000e-12 1.9875337580177172209397514319989564143917634067790367953417643232322600852355764688770332371972890302e-41 
1.3330586281350849094193972144140047930704895406961441040039062500000000000000000000000000000000000000e-05 2.2714142514348553831529577834436040006949042435735464096069335937500000000000000000000000000000000000e-06 3.0395826130929607097847306360929683867665088856518771024347276305909118893317109498572675735200531826e-303 1.6726488525843402223455963989814917683559766792278367120161419734358787536621093750000000000000000000e-13 
8.3677975763060442204732680693268775939941406250000000000000000000000000000000000000000000000000000000e+02 9.7576924281660681152343750000000000000000000000000000000000000000000000000000000000000000000000000000e+11 2.5348099669878926547161638199564242495548851903730962483142792780214520683684922927197085345286874275e-78 6.8020806768406934738159179687500000000000000000000000000000000000000000000000000000000000000000000000e+09 
7.2805351119692107425962544730384108401538136801280000000000000000000000000000000000000000000000000000e+48 2.4957723666755630127513269526755262543798704835862914657346402797927256229915012487241971444043067032e-200 2.5295509618738125825876382795694080000000000000000000000000000000000000000000000000000000000000000000e+33 2.6796405368531665790216334777243621050713134607250833257110878303341772800000000000000000000000000000e+71 
6.1367885696835405042381753323037066133012274638881752834004127747841675274728848580921448759425813834e-141 1.2181027807945780853226884818761106225465006702251212800000000000000000000000000000000000000000000000e+53 1.0015557283888754011114831890484985417826804994512190916111649130471050739288330078125000000000000000e-14 2.0222051484340691915485988944608659857238055956843232163231650348031321466470400000000000000000000000e+77 
6.6122133166389256142547736772030475549399852752685546875000000000000000000000000000000000000000000000e-04 1.3739056265575609035387552051976331712430865556743983581679095073635047336110650068107513026291818195e-164 1.8521243238387851293841324107347645622212439775466918945312500000000000000000000000000000000000000000e-04 4.1581553448669333720999485848324184189550578594207763671875000000000000000000000000000000000000000000e-05 
1.7080025376750736444740074024427275897260931830459621078966715593120906943098882586640587358794074308e-114 7.7847239284464936292331598077760382821464572866698716779865208081901073455810546875000000000000000000e-14 7.3460921600884769108861931494955574279767681256158576771072000000000000000000000000000000000000000000e+58 2.7672573884698334150016307830810546875000000000000000000000000000000000000000000000000000000000000000e+06 
2.4171795809149256348609924316406250000000000000000000000000000000000000000000000000000000000000000000e+08 1.4655615080336481332778930664062500000000000000000000000000000000000000000000000000000000000000000000e+06 1.7810498569421324689508644656872782700336552761020534027593159908140479626315185450014078818047769778e-221 3.1111263124410026470784434781414974118991791521141181777384421475733010159435732758712148181145615059e-43 
3.3739628257512021484375000000000000000000000000000000000000000000000000000000000000000000000000000000e+12 5.2206051535026659055970747628225712154232425389521970608245098703356837504274695440197408297146687824e-173 6.4330619713195589395664762688564763948306790553033351898193359375000000000000000000000000000000000000e-06 9.1308696724306106567382812500000000000000000000000000000000000000000000000000000000000000000000000000e+07 
1.5670187709679172515869140625000000000000000000000000000000000000000000000000000000000000000000000000e+10 2.3069911975826811443635674064740024436857132383909714675068045385720819597108596017953310597509202021e-84 1.4892560402699727051163584277732474890905364259819637599970778626541286637201221796271608370141386168e-126 6.4476482855063351537895730697380614060421066824346780776977539062500000000000000000000000000000000000e-07 
5.5140381336297683567693184158997610211372375488281250000000000000000000000000000000000000000000000000e-01 4.1273757918770349488623736462894907837580944774073491567895587765842348255341831746909214405806266531e-39 1.8707205965371252474214395621759932097916134807746857404708862304687500000000000000000000000000000000e-07 1.6545961511816555711301790521457900462971057235558400000000000000000000000000000000000000000000000000e+50 
2.6467546367772508143625069449054674861928156821668772475633243294858703961756827405937199583753506528e-43 5.6271826564180867136520675343016695095499368761693403939716517925262451171875000000000000000000000000e-11 5.0321899469007671875000000000000000000000000000000000000000000000000000000000000000000000000000000000e+13 1.0568430249081060290336608886718750000000000000000000000000000000000000000000000000000000000000000000e+08 
1.5598315796529520138594575102435809893573585849235740852236631326377391815185546875000000000000000000e-13 1.0951356548032545323856368213455425575375556945800781250000000000000000000000000000000000000000000000e-01 2.6891672593429517476582013557617756305262446403503417968750000000000000000000000000000000000000000000e-03 1.2374045716682027860122353038821452209106155351037159562110900878906250000000000000000000000000000000e-08 
9.8410650883166920007795371316669161537021848218387276574503630399703979492187500000000000000000000000e-14 2.1545632043587432269787076997883140424925376714885570836827147839680248819263905460095827277293892256e-308 7.5709454427069675266843969781811515285381321723637020545138340998482662696341311859025015560121142477e+101 5.0059297046984152984805405139923095703125000000000000000000000000000000000000000000000000000000000000e+04 
2.6814006352613974362611770629882812500000000000000000000000000000000000000000000000000000000000000000e+07 2.0813943375340301922271635248762322589755058288574218750000000000000000000000000000000000000000000000e-01 4.1444428257686249938984701657318510115146636962890625000000000000000000000000000000000000000000000000e-01 6.0802897905909321363271402560712886042892932891845703125000000000000000000000000000000000000000000000e-03 
8.0033903464207439837352353606547694653272628784179687500000000000000000000000000000000000000000000000e-02 2.8226155287923179688707939205549735106615116819739341735839843750000000000000000000000000000000000000e-05 3.4281127481417760925576684844602246005074164258985547348856925964355468750000000000000000000000000000e-09 2.3375563045285802073618931231134580956123636893652087411626277092317165768576860160000000000000000000e+82 
6.1341428539580927463248372077941894531250000000000000000000000000000000000000000000000000000000000000e+04 5.8948245349639912538293418688401606572458362989080045643585321073946497707353393278269950758303309782e-245 6.9927384901993124135871279789533616622065892443060874938964843750000000000000000000000000000000000000e-06 2.8369347938683185577392578125000000000000000000000000000000000000000000000000000000000000000000000000e+09 
4.9509702395010390940655042868456803262233734130859375000000000000000000000000000000000000000000000000e-01 2.9545433757639884948730468750000000000000000000000000000000000000000000000000000000000000000000000000e+09 1.8402226475396598128574316149787211993074536742694625284977764185554418310525140003993509283473263864e-258 9.5193249367487494866433943296879505169272306375205516815185546875000000000000000000000000000000000000e-10 
1.6665437863197235856205224990844726562500000000000000000000000000000000000000000000000000000000000000e+05 1.8916264940303716659545898437500000000000000000000000000000000000000000000000000000000000000000000000e+09 5.5439758676880109310150146484375000000000000000000000000000000000000000000000000000000000000000000000e+08 3.4794140918724387446753068935200710301287317033166222664243587940082445830736190828247345052659511566e-26 
1.6050342056764055689854764352730853715911507606506347656250000000000000000000000000000000000000000000e-03 3.0741531937038477595161275687229948922738190320959984309076030530261083392075147941320327168000000000e+91 3.1510650190331777054097983636893332004547119140625000000000000000000000000000000000000000000000000000e+00 2.7762018684359655761718750000000000000000000000000000000000000000000000000000000000000000000000000000e+11 
1.9541673257971139129216343706231661203116940798877765748063042532486032430302966833571132860246366558e-35 2.7068678315649448928177697648705312233062182375338023126042458114487032063033666817601979875593229193e-145 6.1779454680991468406734898333176886353612644597887992858886718750000000000000000000000000000000000000e-06 1.5643551460708937946181323073722625144701438293370898691136972047388553619384765625000000000000000000e-14 
3.4363601320038543781265616416931152343750000000000000000000000000000000000000000000000000000000000000e+05 6.3126413272893122070630867639069131029164963023245128480573776698715115895552408680760012038568618209e-33 1.0674354220002917572855949401855468750000000000000000000000000000000000000000000000000000000000000000e+06 1.0221169666808179059709443576255323039847500155019588419236242771148681640625000000000000000000000000e-10 
3.7846723322911161184310913085937500000000000000000000000000000000000000000000000000000000000000000000e+08 9.6216705619703269004821777343750000000000000000000000000000000000000000000000000000000000000000000000e+08 6.9009603867961022203823893877484320358295377673130133189260959625244140625000000000000000000000000000e-10 1.4626989036876776689449837561315639687118848000000000000000000000000000000000000000000000000000000000e+43 
1.1870291024675192684122205670879881451839096672340595245549091595060561370853325167787606292146315948e-73 9.9959836718547742401980160664720642671454697847366333007812500000000000000000000000000000000000000000e-05 4.2838210361189466112000000000000000000000000000000000000000000000000000000000000000000000000000000000e+20 4.8277476894522673619416716639385356302227592095732688903808593750000000000000000000000000000000000000e-07 
1.2433606802244990625000000000000000000000000000000000000000000000000000000000000000000000000000000000e+14 1.6712473608359596729278564453125000000000000000000000000000000000000000000000000000000000000000000000e+09 4.7148355475701204446868012969129591027694914373569190502166748046875000000000000000000000000000000000e-07 5.2724487782615068449758571195173928458643786143511533737182617187500000000000000000000000000000000000e-07 
6.2197651038926845186587633692085587758247022804880543844774365425109863281250000000000000000000000000e-11 5.4527443757089533066556635797345004357965914841086047521857577586635611007550145746522187063200349912e-85 2.5426755804340943996927074340195775552187604109843670290754221447339720101767975669630741716829913376e-171 7.5468738098413484446935761695840483298525214195251464843750000000000000000000000000000000000000000000e-04 
1.5085311913025555014610290527343750000000000000000000000000000000000000000000000000000000000000000000e+08 2.2096203568743290088248378581782773810282980518802544801294907074565456105963054763973275178869242909e-228 3.3729905967861927018613954487591399811208248138427734375000000000000000000000000000000000000000000000e-02 1.5140302395975252151489257812500000000000000000000000000000000000000000000000000000000000000000000000e+10 
3.0910645517160969972610473632812500000000000000000000000000000000000000000000000000000000000000000000e+08 1.2769791419601586661240608993482277453942680721071806458778064882111125031547509891878346292979684847e-308 1.2306864535427559935512787689995573359993649675631669573123469664440084975372499848877367709082740326e+101 7.0319456566189249258590210356345551190315745770931243896484375000000000000000000000000000000000000000e-05 
2.6707081413756434522709200329636103100486220901096817713897344096695594602898843689287680000000000000e+87 1.6027177421321274833343473176228144438937306404113769531250000000000000000000000000000000000000000000e-03 1.4584299645002097127112695441960375892549429840423875196012260655163525746329402879460459722867627278e-253 4.1323266245456421875000000000000000000000000000000000000000000000000000000000000000000000000000000000e+13 
1.1998043341091765820556603208891820708068107162110884183179929697981002392931047512405515631208957038e-308 1.3590619978087897947040527280581276592504365994987167356207148057600565387415192979291994545372184636e-43 7.7323411005564717351973501206316153077111075404513280000000000000000000000000000000000000000000000000e+51 1.5520653085551291587762534618377685546875000000000000000000000000000000000000000000000000000000000000e+05 
1.5193133148783800505510050010366217024711366059532666174496681711837750718287420582137336044837496082e-50 4.1224693345624584391032495711473110366895866718550678342580795288085937500000000000000000000000000000e-10 7.4196969072006319308800000000000000000000000000000000000000000000000000000000000000000000000000000000e+20 2.8684201839171983509837130886380770350418956127214187290519475936889648437500000000000000000000000000e-10 
5.6845844804813321034418905358818867324671208584579631204565721457013116711438052527327440366513440673e-269 4.8892463025675881645893269547415666995798770802527754010849223637856422957547631862727078070300860773e-98 6.2467287536818012334230865861828263518873427528887987136840820312500000000000000000000000000000000000e-07 7.9772412711424586784225709834572626277804374694824218750000000000000000000000000000000000000000000000e-03 
6.1239707125157022476196289062500000000000000000000000000000000000000000000000000000000000000000000000e+08 1.4435344506739339418693868211107655952218919992446899414062500000000000000000000000000000000000000000e-03 2.7890833005108847664210713901411509141325950622558593750000000000000000000000000000000000000000000000e-04 8.9217403251034666027408093214035034179687500000000000000000000000000000000000000000000000000000000000e+03 
7.1031021917239125888875126954393600000000000000000000000000000000000000000000000000000000000000000000e+32 1.2671303941999868298844283397651499628207478651586831410023802119987316364154993463233090781032386607e-117 5.9600934883035579696297645568847656250000000000000000000000000000000000000000000000000000000000000000e+06 5.1927510506084972045004119478583959335082909092307090759277343750000000000000000000000000000000000000e-06 
4.6173286345315536596920132371048068464449637314723055699140223696896000000000000000000000000000000000e+67 6.7718556054381935119628906250000000000000000000000000000000000000000000000000000000000000000000000000e+10 1.6621024480272201184305378051941383659578788112298752821516245603561401367187500000000000000000000000e-11 3.3718872278137510875239968299865722656250000000000000000000000000000000000000000000000000000000000000e+04 
1.2885702905376285055385685018869423856813227757811546325683593750000000000000000000000000000000000000e-05 3.3138468366957411170005798339843750000000000000000000000000000000000000000000000000000000000000000000e+07 7.4268302148834409713745117187500000000000000000000000000000000000000000000000000000000000000000000000e+09 2.2943702647337419164809066418619920568744419142603874206542968750000000000000000000000000000000000000e-05 
6.2881966464482834338865656516570733533265688287725625292341292285613082486963365533029657240496411297e-187 2.4118733149837765502929687500000000000000000000000000000000000000000000000000000000000000000000000000e+11 3.7816180474797887499030383043341352333754912251606583595275878906250000000000000000000000000000000000e-07 5.1500658508765503764152526855468750000000000000000000000000000000000000000000000000000000000000000000e+07 
2.7009198857599682050200729302447122393004974583163857460021972656250000000000000000000000000000000000e-07 8.4394345437031592973016582348093097930416192631319916017673676833510398864746093750000000000000000000e-14 1.5687794572988159654686191046835119777824729681015014648437500000000000000000000000000000000000000000e-04 2.1465547956795276305285921636389900868380209431052207946777343750000000000000000000000000000000000000e-05 
9.4840397909882865777261851114587898337049409747123718261718750000000000000000000000000000000000000000e-06 3.2814461551963380483923738529742923610421955404512626492799094264559286792775351264981772732458179574e-80 3.1009441080652262398972913105322079251452416486650731641816491901408880949020385742187500000000000000e-15 2.1977646327752394006778705502958937303891013908215006096261120000000000000000000000000000000000000000e+60 
1.3087999772551134312328712730491931802510378254991360000000000000000000000000000000000000000000000000e+51 2.7049044738425840478157624602317810058593750000000000000000000000000000000000000000000000000000000000e+04 8.0752235351028836813536260359857222025194611923636426415422064369582512003989237804484222503939374900e-230 1.7757656559191710487662507269999078926558944147018337389454245567321777343750000000000000000000000000e-10 
5.5157986218772191225656517090877861697606476809596642851829528808593750000000000000000000000000000000e-08 2.5858621151207893262835568748414516448974609375000000000000000000000000000000000000000000000000000000e+02 7.2925275267913680191539946631729129933319200063124299049377441406250000000000000000000000000000000000e-08 2.5982453617670481249048164418269379893899895250797271728515625000000000000000000000000000000000000000e-05 
9.0918108513595313988775318062018904186061263317242264747619628906250000000000000000000000000000000000e-07 5.0398121017015608958899974822998046875000000000000000000000000000000000000000000000000000000000000000e+05 1.7938964460791036210659881015480117615013516617907309948353887681105067741782477241940796375274658203e-22 9.4655747217764116762857577649231677341390422952827066183090209960937500000000000000000000000000000000e-08 
3.2583896806018442215600184222189093565242073548460682681806700644867805659284194186836918284729505551e-292 1.1337412915351182286198110604336085551629726558831023908169299829751253128051757812500000000000000000e-13 2.7382889608525387793466254743129883005681664000000000000000000000000000000000000000000000000000000000e+44 1.3386483037282093169820533716480779063594401931062440917928697882977252987787273140468788032442226665e-34 
9.9044710917446118164062500000000000000000000000000000000000000000000000000000000000000000000000000000e+11 3.8206802642097360029535847419716182675064980174881937623618433748406251777340224786911241240481365938e-80 2.6959861804303424432873725891113281250000000000000000000000000000000000000000000000000000000000000000e+06 3.2740937930405805664062500000000000000000000000000000000000000000000000000000000000000000000000000000e+12 
1.8126304827858246862888336181640625000000000000000000000000000000000000000000000000000000000000000000e+07 1.4843953192352012622544192577134225530244293622672557830810546875000000000000000000000000000000000000e-05 8.9520605203952379348014689597334836435038596391677856445312500000000000000000000000000000000000000000e-05 1.9600647339948117801085115323079246645579388619616173828769902876021909094400000000000000000000000000e+74 
2.8486967100323576927185058593750000000000000000000000000000000000000000000000000000000000000000000000e+09 1.2783465598778172996712776530853414928604521273127452148533481593435055853031705507136384061516180995e-38 8.1200892611802025206480677417628794012571802340971771627664566040039062500000000000000000000000000000e-10 4.1137592810690578353215790451705927716438641731679093371809585732989944517612457275390625000000000000e-17 
7.6634296645049052312970161437988281250000000000000000000000000000000000000000000000000000000000000000e+05 2.7656624275749669585175091746087616684235399588942527770996093750000000000000000000000000000000000000e-05 1.6720490811849632859230041503906250000000000000000000000000000000000000000000000000000000000000000000e+08 1.5582063308994770050048828125000000000000000000000000000000000000000000000000000000000000000000000000e+07 
1.5969610678902987883036454150320615497093967860564589500427246093750000000000000000000000000000000000e-06 4.8035267505439525459363914758240111470664177165328800716380451992159662280475299006630352120721996737e-228 1.4249816521955013671875000000000000000000000000000000000000000000000000000000000000000000000000000000e+13 6.4451208811177650932222604751586914062500000000000000000000000000000000000000000000000000000000000000e+05 
7.6786236189800925102841660635880386451158181934992654048317501993398529640121324918768661634688177386e-36 3.0082611651275525192676392217233053242285128711522610566273208315455978433948447111726247851400012020e-232 5.3059596094581794738769531250000000000000000000000000000000000000000000000000000000000000000000000000e+09 5.7145956456122113903714316915518552746297308058458563199379867548624967001782371364752417672710421712e-89 
3.8137879930468288058875714341411367058753967285156250000000000000000000000000000000000000000000000000e+00 1.2354009494197734604800000000000000000000000000000000000000000000000000000000000000000000000000000000e+20 8.3596887013266828667431846074690580641706188974113693573355943684222610532245325639203277157841840968e-134 1.4102756771078218107326450730496945808883912931719351036008447408676147460937500000000000000000000000e-11 
1.6940478382415380859375000000000000000000000000000000000000000000000000000000000000000000000000000000e+11 1.4818850833709103835936343370061331248753227088206759433976030561404709430912711168186895864114649606e-47 7.7387668491236552906209489322009176248684525489807128906250000000000000000000000000000000000000000000e-03 2.2518403702992978683870469685248000000000000000000000000000000000000000000000000000000000000000000000e+31 
1.7789642222137685887058147906726960819573454143215746243477312361311759479142352107615926417509117711e-162 1.9178688912942181914720119694940119590439485440000000000000000000000000000000000000000000000000000000e+45 1.0785774594285089991570206391689008482148715017956419615074992179870605468750000000000000000000000000e-10 3.0882406790011689637888095873160575429764844619449089191007525797888000000000000000000000000000000000e+68 
1.3678488389168127905577421188354492187500000000000000000000000000000000000000000000000000000000000000e+06 5.8909499603044167160987854003906250000000000000000000000000000000000000000000000000000000000000000000e+07 1.9027943165509079677747500566642825535264107210476651679694873793343878113091025423564800000000000000e+87 1.0633607844711227416992187500000000000000000000000000000000000000000000000000000000000000000000000000e+11 
2.1362899571793003334274843288515216381540096080016155610792338848114013671875000000000000000000000000e-11 3.2151359882850900000000000000000000000000000000000000000000000000000000000000000000000000000000000000e+14 2.7821096481627746582031250000000000000000000000000000000000000000000000000000000000000000000000000000e+10 3.2676932656045262701809406280517578125000000000000000000000000000000000000000000000000000000000000000e+06 
1.2940682176504588875130133399673060861086343763148652607246642144506298031813181310785498746933522273e-142 6.5919503490419662848000000000000000000000000000000000000000000000000000000000000000000000000000000000e+19 1.8135367718655019416473805904388427734375000000000000000000000000000000000000000000000000000000000000e+04 1.0288153237665761659345303735690890789555851370096206665039062500000000000000000000000000000000000000e-05 
2.1055868057373160429894114107212129277128950293775515648000000000000000000000000000000000000000000000e+55 1.2792457612371696498712391911033937069907444990306236225492204795378891867520207321608039055867724254e-299 3.3663499591344470266831363954029843199577953782863914966583251953125000000000000000000000000000000000e-08 2.0688986275562105607295215747853944776579737663269042968750000000000000000000000000000000000000000000e-03 
2.1303861772666181195745593868196010589599609375000000000000000000000000000000000000000000000000000000e+02 6.4980192179532187117963620837102212135505396872758865356445312500000000000000000000000000000000000000e-06 5.9862720624332318252180930393301406939782103225843494755432082446074536612669804537370429521811706279e-255 3.6610172733565433715195210985380991771206320509191023404582665534690022468566894531250000000000000000e-15 
5.5063365118569624783715086099128011321200104688243642143394194691748452567592314222973496137200432342e-154 5.4908215514033858887186012403833053718795364925100764114862398239478187409639067806388368353509576991e-29 2.1466211760149849179282925486743349718921081148437224328517913818359375000000000000000000000000000000e-08 5.8480371624070994585053995251655578613281250000000000000000000000000000000000000000000000000000000000e+02 
6.4385374074451044634770369157195091247558593750000000000000000000000000000000000000000000000000000000e+02 2.2146261944686917488284934661088619936575305757742171408608555793762207031250000000000000000000000000e-10 1.4628403383934871502835298331093053942836109051629170055597165384807524246677430798948904465294065856e-51 2.1852828085257226228713989257812500000000000000000000000000000000000000000000000000000000000000000000e+08 
1.4075907453610966985965521861448112130640181183238723860995378345251083374023437500000000000000000000e-12 1.4989346694051568188114226254370464630483184009790420532226562500000000000000000000000000000000000000e-05 1.3738606397100973510742187500000000000000000000000000000000000000000000000000000000000000000000000000e+11 5.6837711529839891194757708072221871364267650464787590616735611930183946771677483411622233688831329346e-24 
8.7834173789019703865051269531250000000000000000000000000000000000000000000000000000000000000000000000e+07 1.2313803779439342021942138671875000000000000000000000000000000000000000000000000000000000000000000000e+08 1.9509387616284306677695570275687941830256022512912750244140625000000000000000000000000000000000000000e-04 1.2609285929635235342462515476802551942479791691389843777082030597563459178925871408261170448186998200e-41 
4.5858456345738498494029045104980468750000000000000000000000000000000000000000000000000000000000000000e+06 3.9163757594528086394807241491578361706470585621337937952280230590783947545526413904919346004531981630e-47 6.5042376124933415541558927772278678083995741010290761211536013327940323604274129631503768365286546230e-227 8.5384016079640781879425048828125000000000000000000000000000000000000000000000000000000000000000000000e+08 
8.0238063404745480511337518692016601562500000000000000000000000000000000000000000000000000000000000000e+05 1.0354594069783727358635694315580622060224413871765136718750000000000000000000000000000000000000000000e-03 5.6184739810497077383136450227208192000000000000000000000000000000000000000000000000000000000000000000e+34 2.6998269918192672776058316230773925781250000000000000000000000000000000000000000000000000000000000000e+03 
6.7915608178541942680516616143461967871605688935065390674249089444529815442906841999101492909047564204e-48 5.4695015720830512939709677766586537472903728485107421875000000000000000000000000000000000000000000000e-02 7.9929381098572211452296841440075259033193333380040712654590606689453125000000000000000000000000000000e-09 5.4613591404933802135170735521374485443857338395901024341583251953125000000000000000000000000000000000e-08 
4.2808672514011015913120711207017137939100691876269858201611744188053684488002675658471034553280322209e-202 6.3356337314082266468288034196881771083726041277123709855572731732998199612489869921792525267467688366e-34 1.7195685867836565971374511718750000000000000000000000000000000000000000000000000000000000000000000000e+09 2.5598705394080268910148631647041040302203987813160444918863897729443559157791465707987299538217484951e-26 
3.3918965546073705475953077954532232504191275348544302225022947164160000000000000000000000000000000000e+66 1.5366140746023564389588500489480793476104736328125000000000000000000000000000000000000000000000000000e+00 8.9325673290912130519344271569761282980604022441184497438371181488037109375000000000000000000000000000e-10 8.4290634739698389387990470421108446141751297737431597779416646028926310925757054976000000000000000000e+82 
2.0910225421143649181524241199643054823619619022598583298334983959106984271312597417107069765275659275e-165 6.1131419761080902462622405869489298606086103045342827755348480422981083393096923828125000000000000000e-16 2.2747272864941698499023914337158203125000000000000000000000000000000000000000000000000000000000000000e+06 8.0013346186234673496073810383677482604980468750000000000000000000000000000000000000000000000000000000e+02 
3.4542521311520346660728364440728910267353057861328125000000000000000000000000000000000000000000000000e-01 7.5457061338033905509930083894889345416130026101948293852908474482592011273185406139418773818761110306e-26 3.8563985907223712031595640430376261887437053073875461076833429895078918049786586149089185629694079996e-302 1.1448845306358573784843744050883211117730642314427313976921141147613525390625000000000000000000000000e-10 
1.9034487824439523251385253388434648513793945312500000000000000000000000000000000000000000000000000000e+00 3.6401011706216338527703510989068233454112782543495424827298323539025328667921230974509500347517873685e-52 1.1629078181989595736785448096235520000000000000000000000000000000000000000000000000000000000000000000e+34 2.1375049400079515005482222456123508891323581337928771972656250000000000000000000000000000000000000000e-04 
3.5076399031507843585562318906856393851967368391342461109161376953125000000000000000000000000000000000e-07 7.6905999683327077886510645510152261648578106138546139015663583122134019791430725731200883910371888600e-45 4.4159421755603031173951422787813964748737660670485638547688722610473632812500000000000000000000000000e-10 2.6644773123695731727240178957356613238784000000000000000000000000000000000000000000000000000000000000e+40 
6.8121486331599607835134468809369047970073365480613532257168270043374942953535007332966833474762274091e-65 2.8695485324972418084144010208547115325927734375000000000000000000000000000000000000000000000000000000e+02 2.0147640885968449431022766354970831884908528107152998400000000000000000000000000000000000000000000000e+54 6.5690016125490641640729400085874090109427925199270248413085937500000000000000000000000000000000000000e-06 
5.0010217033214689309765635054181350316581920355664685538167255436822594092268604115309865038254740786e-247 3.9947928389234680680852651590839741402305662631988525390625000000000000000000000000000000000000000000e-04 6.2846769046693462534847185452235862612724304199218750000000000000000000000000000000000000000000000000e-01 9.1375008327575363159179687500000000000000000000000000000000000000000000000000000000000000000000000000e+10 
1.5412445783762743277238438377452212080243043601512908935546875000000000000000000000000000000000000000e-04 1.5268117924582739927101543606155766187253702324842697979305849509675568071567743776319603791642387217e-55 2.2367799122927212174261057953117415308952331542968750000000000000000000000000000000000000000000000000e+00 4.7946003094939240798279066423342575226085315875934611540287733078002929687500000000000000000000000000e-11 
3.3310000789843726476086283542209824086251891207941774671819571200000000000000000000000000000000000000e+62 5.8284408645955042493807696944565730332278248713599136930577315350580207423198523379112721525100822077e-65 7.6604730853850874283220929376707342139951606441172771155834197998046875000000000000000000000000000000e-09 3.7398565105296748304567616694171761082543525844812393188476562500000000000000000000000000000000000000e-05 
2.7372392944771287424679593076372848474439369955214874911755468800000000000000000000000000000000000000e+62 7.8464767903394380610895914788908978021453322071465663611888885498046875000000000000000000000000000000e-09 8.2554009317666025926650090784363562124188250038935622957266090757366878660321026642160628854600986933e-309 2.1240713226999253034591674804687500000000000000000000000000000000000000000000000000000000000000000000e+07 
2.8710355679281240701675415039062500000000000000000000000000000000000000000000000000000000000000000000e+08 1.7895459508907207031250000000000000000000000000000000000000000000000000000000000000000000000000000000e+12 1.0062461863691908883462205536218980284155627424880208309332374483346939086914062500000000000000000000e-12 1.2289709467879228470279490681343819382784000000000000000000000000000000000000000000000000000000000000e+40 
1.8131136123660714721679687500000000000000000000000000000000000000000000000000000000000000000000000000e+11 7.2926441538570552253635867972371772663871979727516588902198765857939133708483507164530707149839897701e-296 3.0984851547479852484912044019438326358795166015625000000000000000000000000000000000000000000000000000e-01 1.4246314002929587067686201251603961281944066286087036132812500000000000000000000000000000000000000000e-03 
1.0117933440448225648959596845513631002688725857296958565711975097656250000000000000000000000000000000e-07 1.6808229718735610351562500000000000000000000000000000000000000000000000000000000000000000000000000000e+12 8.4461666945264970703125000000000000000000000000000000000000000000000000000000000000000000000000000000e+12 1.3324951605223984311217235582125439918854681309312582015991210937500000000000000000000000000000000000e-06 
1.1133510791912583007812500000000000000000000000000000000000000000000000000000000000000000000000000000e+12 7.2065135574810408585397297745101146152282775616006313971437565052628071285260288000000000000000000000e+79 4.8049152075165086426700617145275015352528585127974324880648442262694618129385488458963956531200000000e+92 1.2178544618103800438604512727282236372872148422175087034702301025390625000000000000000000000000000000e-08 
3.0522911043273989111185073852539062500000000000000000000000000000000000000000000000000000000000000000e+07 7.2651875569643798371544107794761657714843750000000000000000000000000000000000000000000000000000000000e+03 2.7746859874956233885757734905389202783357547485610740506495703540347437795259111500033313542176864368e-229 6.5149367478963884368644379280575632708371614139984313469517008139931243354253835632640000000000000000e+84 
7.1377209007451184255566012382132612401619553565979003906250000000000000000000000000000000000000000000e-03 3.6086697151691416850932681015251546341460198163986206054687500000000000000000000000000000000000000000e-04 5.7971560955147980465085311152506619691848754882812500000000000000000000000000000000000000000000000000e+00 4.8432343373992546081542968750000000000000000000000000000000000000000000000000000000000000000000000000e+10 
3.2328472455080708991559390597103629261255264282226562500000000000000000000000000000000000000000000000e-01 1.9642939298701943850265514245401434936516955055432736856900680049094665501158463847826294989139457130e-54 2.4112600137774978135142394696693337172941121004693199470083294274751140750779266652628594721106265047e-231 4.5338380475575484895855993272562045603990554809570312500000000000000000000000000000000000000000000000e-01 
7.1891147164599998099256128458733883235254324972629547119140625000000000000000000000000000000000000000e-06 1.5443261202651596679687500000000000000000000000000000000000000000000000000000000000000000000000000000e+12 2.4613482198856040383816434768959879875183105468750000000000000000000000000000000000000000000000000000e-01 2.2507245158971007536263128309163283891081164256320334970951080322265625000000000000000000000000000000e-09 
5.2437667139781873881787532809539698064327239990234375000000000000000000000000000000000000000000000000e-01 7.3184655953791165418661935699388575784683405895629127201879577610054328604299342136297715305402884106e-272 1.5297312513881260870318712363769009243696928024291992187500000000000000000000000000000000000000000000e-02 1.8843086956752129259912906824484737695713411102866274267298366053592920157936551683400079993954902646e-47 
3.2969450477081275623542121547271399606415798189118504524230957031250000000000000000000000000000000000e-07 1.4750847836357086896896362304687500000000000000000000000000000000000000000000000000000000000000000000e+07 5.3753015781332695047975835605071417977462999715498881414532661437988281250000000000000000000000000000e-10 3.0591619578273299442938412757677971960891097424234644268157491454481736385162141157596734877462352444e-94 
1.7398043981037726287033340302925133383256894676348705191619670437745877374589388855236353392180946401e-177 2.2264339427100785355736492280980969075905134205300674763844186336338502229067169058461352823997965482e-85 3.3233463853962299162930845797310023545231769600000000000000000000000000000000000000000000000000000000e+45 2.8339373391018784679836897626732445739831924433813972185560039220997633323362828001738752000000000000e+88 
5.8976186183618941024873515183248966564735665942663945113355775943044736318369138451908777952218366470e-266 7.3012447442374375000000000000000000000000000000000000000000000000000000000000000000000000000000000000e+12 2.7017941813386079393102102908999364464052731819784067854240666126302658938334689847764535306764641098e-36 2.9475880678920227289199829101562500000000000000000000000000000000000000000000000000000000000000000000e+08 
5.7305128632566905706436333121773122067993205438494623662080000000000000000000000000000000000000000000e+58 1.7321576627104781568050384521484375000000000000000000000000000000000000000000000000000000000000000000e+07 1.2544305433410547936951650643163226923969113025159576538388231889983146045820983430391710430709897484e-123 5.2947458749784267578125000000000000000000000000000000000000000000000000000000000000000000000000000000e+12 
6.0603070386045697348631478007519035600125789642333984375000000000000000000000000000000000000000000000e-02 1.3564974029449622862075307855582699853457934450719057185238800223736022928028695635290354302405423950e-67 3.0873362620151036908713979487322486925398675153746731372049543981345848253639019276306498795747756958e-24 1.3727226345940039027482271194458007812500000000000000000000000000000000000000000000000000000000000000e+05 
3.3504780656602056211623708037450342089869081974029541015625000000000000000000000000000000000000000000e-03 1.8351384509621531174650514945869909796225943210790647987021583292962694480467369271135069815885376280e-206 6.1055518201121740275993943214416503906250000000000000000000000000000000000000000000000000000000000000e+03 5.5264446507677605363801484812148745451310105636366643011569976806640625000000000000000000000000000000e-09 
1.3616302266595447435975074768066406250000000000000000000000000000000000000000000000000000000000000000e+07 4.9184562745190007262863218784332275390625000000000000000000000000000000000000000000000000000000000000e+04 1.6684382831945919897407293319702148437500000000000000000000000000000000000000000000000000000000000000e+06 6.1467049133841027247404520228546656845258022950687976148046506639398895963302361421486028933264555610e-68 
4.7643606547158851753920316696166992187500000000000000000000000000000000000000000000000000000000000000e+03 3.6427846575713448226451873779296875000000000000000000000000000000000000000000000000000000000000000000e+07 2.3661216449412245750427246093750000000000000000000000000000000000000000000000000000000000000000000000e+09 7.5967695230151868049698303531069853988810791634023189544677734375000000000000000000000000000000000000e-07 
5.0185932664715082864859141409397125244140625000000000000000000000000000000000000000000000000000000000e+03 1.0992501421524668306246031638820858343519315525327328941784799098968505859375000000000000000000000000e-10 4.8050202068460496360527423043151884485268965363502502441406250000000000000000000000000000000000000000e-04 2.0621885044398931786417961120605468750000000000000000000000000000000000000000000000000000000000000000e+06 
5.1554695379572487554482487026841059684042190960205585320650955748978036492239389092223474561961109912e-232 5.1995173141583174467086791992187500000000000000000000000000000000000000000000000000000000000000000000e+08 1.4775071584323728515625000000000000000000000000000000000000000000000000000000000000000000000000000000e+13 1.0916654245285613289428994221452740021049976348876953125000000000000000000000000000000000000000000000e-01 
4.8244957069592232464828873705897649415419436991214752197265625000000000000000000000000000000000000000e-05 2.4994886013175857862359356633176669990178877384101596703658287879079580307006835937500000000000000000e-14 3.4602607533857975795399397611618041992187500000000000000000000000000000000000000000000000000000000000e+04 6.9978318900908472504555739301945749275546404533088207244873046875000000000000000000000000000000000000e-06 
4.6689881177584327955106667850185015594677295780456915963441133499145507812500000000000000000000000000e-12 4.1286843455240388613783357977244350623149748761965490782585077283194784123531162700401871608231768800e-55 9.5270666502124250141544846698822313871948250453379112999257850484529234473778933231320244055007526959e-58 8.9529208520671224687248468399047851562500000000000000000000000000000000000000000000000000000000000000e+05 
1.2715517938531413078308105468750000000000000000000000000000000000000000000000000000000000000000000000e+09 2.2362920618766261419442780561395167637783742975443601608276367187500000000000000000000000000000000000e-06 7.3335066718156720257983888597870182400000000000000000000000000000000000000000000000000000000000000000e+35 8.4004060467801399230957031250000000000000000000000000000000000000000000000000000000000000000000000000e+09 
2.6735950553532573394477367401123046875000000000000000000000000000000000000000000000000000000000000000e+06 2.6620407266947528719902038574218750000000000000000000000000000000000000000000000000000000000000000000e+08 1.7783730012558726651938911800243658944964408874511718750000000000000000000000000000000000000000000000e-01 2.0712776209442203934099706115024820552296229425603968365976470522582530975341796875000000000000000000e-13 
1.9053048998204577958970025799989578274562518345192074775695800781250000000000000000000000000000000000e-06 1.1246318495020431709526412832540244197271350756750507571268826723098754882812500000000000000000000000e-11 5.1520578016730514136326751163919500615523287850830979986221204429596761015413324284106804461932786368e-288 9.1217198436291017189445073931608476414112374186515808105468750000000000000000000000000000000000000000e-05 
1.3684901557657827845334079058499734959930549393902765586972236633300781250000000000000000000000000000e-09 8.4697624632887435149000579601846760979810824210289865732192993164062500000000000000000000000000000000e-08 1.7345628266808332682558102533221244812011718750000000000000000000000000000000000000000000000000000000e+03 1.1879642715155161302449008472437679104719149681580257067649528888397580078995047615587480808362736193e-44 
3.1672773586053935263621568418711140981554989453083645412422419397368079818053973429716471047149401825e-58 1.0485921660802222788333892822265625000000000000000000000000000000000000000000000000000000000000000000e+07 1.3473845127711008535698056221008300781250000000000000000000000000000000000000000000000000000000000000e+05 1.6741674004819206893444061279296875000000000000000000000000000000000000000000000000000000000000000000e+06 
5.1625879186630456506149426372607319501994993515836540609598159790039062500000000000000000000000000000e-09 6.7635035105356445193078903516115119032292568590492010116577148437500000000000000000000000000000000000e-07 2.1769471194039893553656594580326924206202092097538079621549442136138200393274235000858536409723272232e-235 1.5295176536030676364898681640625000000000000000000000000000000000000000000000000000000000000000000000e+09 
4.4944045927558827718614693645832999878683776303994886040968255000862006119082463882220218302406540534e-58 2.7846646719282021513208746910095214843750000000000000000000000000000000000000000000000000000000000000e+05 4.2999685734771421772581491936582320789739242172800004482269287109375000000000000000000000000000000000e-07 9.5532985579164323018451189760000000000000000000000000000000000000000000000000000000000000000000000000e+27 
2.9805213176616754150390625000000000000000000000000000000000000000000000000000000000000000000000000000e+11 2.0307410818385526537895202636718750000000000000000000000000000000000000000000000000000000000000000000e+07 2.4961766500637850435539988325217564124614000320434570312500000000000000000000000000000000000000000000e-02 1.8609197053484595380723476409912109375000000000000000000000000000000000000000000000000000000000000000e+05 
9.0672162259261481365851809144373874005395919084548950195312500000000000000000000000000000000000000000e-04 2.8465571605691499710083007812500000000000000000000000000000000000000000000000000000000000000000000000e+09 3.4542407848641119822843792625610613367301955428868445526157729157734778803217104310700359364452646450e-227 4.1105659693127609789371490478515625000000000000000000000000000000000000000000000000000000000000000000e+06 
5.0506276086802328606495393614750355482101440429687500000000000000000000000000000000000000000000000000e+00 1.6761461018661771875000000000000000000000000000000000000000000000000000000000000000000000000000000000e+14 1.3623643399146640300750732421875000000000000000000000000000000000000000000000000000000000000000000000e+08 5.3833990613387340887219245644246257143095135688781738281250000000000000000000000000000000000000000000e-03 
5.8273956583187934011220932006835937500000000000000000000000000000000000000000000000000000000000000000e+06 5.4563402343833743572119172128775128843651814197768246117448143195360898971557617187500000000000000000e-14 1.0782180786135941272740588188653189784080991200028524785136666571490592740752973696801668003883222171e-278 1.1211839604334434912957969843194661052621086128056049346923828125000000000000000000000000000000000000e-06 
3.2705461609270885386946403627916879486292600631713867187500000000000000000000000000000000000000000000e-03 1.5575566264781708984375000000000000000000000000000000000000000000000000000000000000000000000000000000e+13 2.7873113070228019289009679937407781835645437240600585937500000000000000000000000000000000000000000000e-02 3.0867720013085890561342239379882812500000000000000000000000000000000000000000000000000000000000000000e+07 
5.8960875142205242265069453731080040270740028063300997018814086914062500000000000000000000000000000000e-08 1.5029511664677158478298224508762359619140625000000000000000000000000000000000000000000000000000000000e+04 1.3805070046038383709151891362318110172942464566381010035317225019352975714453468734227437053618814389e-30 6.4134441412043417968750000000000000000000000000000000000000000000000000000000000000000000000000000000e+12 
4.3327296596736195194069216755601015949605571568289878477845446378552801616112933742996355524404604385e-133 1.0318384133435015703739168202446307986974716186523437500000000000000000000000000000000000000000000000e-01 5.2654431217732070945203304290771484375000000000000000000000000000000000000000000000000000000000000000e+05 4.3448992373020298779010772705078125000000000000000000000000000000000000000000000000000000000000000000e+07 
5.7757700449612294323742389678955078125000000000000000000000000000000000000000000000000000000000000000e+05 2.6968512474448650545477690343432186637073755264282226562500000000000000000000000000000000000000000000e-02 2.5406550706076132345266075722925217294939016639548083948089070754185817660589652133828778902159360000e+96 2.5380671963760638763746693756604561054146529386343900114297866821289062500000000000000000000000000000e-09 
2.5117207198123343080783489049469950885850906201416434297135179556609643549800167452408603216283561658e-159 7.2689005754723860731658240000000000000000000000000000000000000000000000000000000000000000000000000000e+24 2.4455518664977322629283662536181509494781494140625000000000000000000000000000000000000000000000000000e+00 2.5770604256036705337464809417724609375000000000000000000000000000000000000000000000000000000000000000e+06 
1.8530214311827741719686726332274933834454166969862853875383734703063964843750000000000000000000000000e-10 9.5748340196114705997337823717430183023680001497268676757812500000000000000000000000000000000000000000e-05 2.4597071526968832833256466953380202347946579805249829444584451521049312962115708578690468989061247899e-121 5.9046365484036861002095272269699251233010528494560276158154010772705078125000000000000000000000000000e-10 
1.2004850456231587474409394644681015051901340484619140625000000000000000000000000000000000000000000000e-01 3.9311721108518880595958122002695082918776681211384377109637808614786765084447052213134641070080000000e+94 1.0004065997076621273575991466486811987124383449554443359375000000000000000000000000000000000000000000e-04 1.9137340622907002778531684872298512800625758245587348937988281250000000000000000000000000000000000000e-05 
1.9792145793121861061081290245056152343750000000000000000000000000000000000000000000000000000000000000e+05 8.4956153088721697026529829020985266907484145804119179956614971160888671875000000000000000000000000000e-10 2.7064855303265497089001470599766958146658294107765496669532858087178085073747328290087904926032720451e-144 2.2327011644969090848739220003961849017604102130007959203794598579406738281250000000000000000000000000e-10 
1.2208992237653764343261718750000000000000000000000000000000000000000000000000000000000000000000000000e+11 8.2825142309282234362486232118521946169814207007836803055885640374347200976988965693346874252530136914e-90 9.7580793067638990123668918386101722717285156250000000000000000000000000000000000000000000000000000000e+02 5.6889869251598194308023082551065661982558907538987114094197750091552734375000000000000000000000000000e-10 
9.1621097225220815931087272572530840064181648753367386335350493220228300800000000000000000000000000000e+72 1.3826941567712184041738510131835937500000000000000000000000000000000000000000000000000000000000000000e+07 1.9327864178504973754003698396125576763893150200601667165756225585937500000000000000000000000000000000e-07 8.9901676164652448439176334235857570860005888446764288346457760781049728393554687500000000000000000000e-13 
1.2155286263947379982841087238417090582299751651897048129761500339568467012532197173067617692410674901e-123 1.3812925606933182477951049804687500000000000000000000000000000000000000000000000000000000000000000000e+08 2.3920253809805908531416207551956176757812500000000000000000000000000000000000000000000000000000000000e+03 1.8114516598427305316826307901578729797620326280593872070312500000000000000000000000000000000000000000e-03 
2.1590402220796717383318981851005740335029079493586675676986587431919228391274041482632024130383641136e-33 1.5670010574358786139089654357303693643643782706931233406066894531250000000000000000000000000000000000e-06 1.8757971306522692638958576650516344220685814463106319764050139190096364358599064131057877304505953004e-148 1.7984430165981932866239552740172946698749001370742917060852050781250000000000000000000000000000000000e-06 
4.3491404964741235517067252658307552337646484375000000000000000000000000000000000000000000000000000000e+01 9.6214802493302770776542567110514340523732576755510456605834034151352001076524274440620638103799860159e-79 2.3669210299582934001886829499798857885365186810068241660147608476454116404517390404966025922159552085e-268 2.5640468997881146671385774770539283066500985714870446957554507499729542296997181801461972992000000000e+91 
3.2459996545790959204498171397538853193820920321604971845732783012773517563173084781782380134607723428e-72 4.1454845826348356902599334716796875000000000000000000000000000000000000000000000000000000000000000000e+07 1.0239394434591748469536046865346196055313043871137779206037521362304687500000000000000000000000000000e-08 7.9358863752213510451838374137878417968750000000000000000000000000000000000000000000000000000000000000e+04 
8.4863256938077364267379084837578406580894246902246891295362729579210281372070312500000000000000000000e-13 8.4219299635518821995387392116000357944471943483222275972366333007812500000000000000000000000000000000e-08 4.1354722946403858739056541898044535654835329729905879503348842263221740722656250000000000000000000000e-12 4.9956079335823514760169855759918505936391403596527634750989711456095571570130437819077031781990400000e+96 
6.6145042290099768163902749181203218628352595029602367114772482657525595619688706636896896154260889808e-82 8.4170668940469235827159244500705881364410743117332458496093750000000000000000000000000000000000000000e-05 9.7608288985674085841593655872450924221868553482513630592532805969683853925661576805821385118322836340e-153 2.0782212710002831369988929299807978168246336281299591064453125000000000000000000000000000000000000000e-04 
4.9714719033149413835048514029649191492410409409785643219947814941406250000000000000000000000000000000e-08 1.2374148757453953307878374845429902961768675595521926879882812500000000000000000000000000000000000000e-05 1.3298731530241239963234523013824173176544718444347381591796875000000000000000000000000000000000000000e-04 1.4702579350100713782012462615966796875000000000000000000000000000000000000000000000000000000000000000e+05 
7.8789474553630817373062189545862565864808857440948486328125000000000000000000000000000000000000000000e-04 1.2922894645121698379516601562500000000000000000000000000000000000000000000000000000000000000000000000e+09 5.0447044915093501810197246237876811392197851091623306274414062500000000000000000000000000000000000000e-05 8.2393504930256796478897123988597954447055116133924457244575023651123046875000000000000000000000000000e-10 
3.6106628114474366239487030608851236834766496031079441308975219726562500000000000000000000000000000000e-08 9.9318606771199415658480927612057793940625316508885589428246021270751953125000000000000000000000000000e-11 3.2315587498173993080854415893554687500000000000000000000000000000000000000000000000000000000000000000e+07 1.8220579056434203673336056858715508445343981072661598830109141999855637550354003906250000000000000000e-14 
1.4106926008634556890890842931200000000000000000000000000000000000000000000000000000000000000000000000e+29 9.1264787010233570893217972680333906484664721961430622343414142960682511329650878906250000000000000000e-15 1.3731510470447821044921875000000000000000000000000000000000000000000000000000000000000000000000000000e+11 3.7836073002948402924748800000000000000000000000000000000000000000000000000000000000000000000000000000e+23 
1.2415952620447953669291507594607537612318992614746093750000000000000000000000000000000000000000000000e-01 7.7799384587337988665123824157631410192348612767053388765031988299744433430101797400516866285886685001e-211 1.9427178558654524920257244957610964775085449218750000000000000000000000000000000000000000000000000000e+01 1.4403793124518646351361894630827009677886962890625000000000000000000000000000000000000000000000000000e+01 
6.9153091608003833069287496373914585687409316577350245773430672689894468255797677373737916991803041490e-90 2.2709746653728521768257557557807396211935650614027497998014553766717157105897297226289620337868349520e-235 8.8508462833544767647304321597440000000000000000000000000000000000000000000000000000000000000000000000e+30 2.4646604032366463798098266124725341796875000000000000000000000000000000000000000000000000000000000000e+05 
6.7879119393639078724210224640696078168564646902269606594359625052773160603199995904000000000000000000e+82 1.0172060049865970284558224986937169376233214279636740684509277343750000000000000000000000000000000000e-06 9.7359947956406257150100580338152375475640065007747079607118157985523466606828262118353232349564724936e-78 1.6155596584757050230844525837888350085443956467029172523284121435566745968061592057685658806613943812e-60 
7.2224399084871574409699898283277830299958788273784193734172731637954711914062500000000000000000000000e-12 4.1315860651508043470518767940833106768048381435795914996031313855898573248158696788804132496613115964e-242 1.8178530090247581306161377990273682836322043137484053946283724932909054854011353819533854883819464943e-48 1.1506812455858626365661621093750000000000000000000000000000000000000000000000000000000000000000000000e+09 
3.9267770564105592459703523288432227425105158746754542991085903086769626162137698929762222195319475759e-286 2.3311633163612823619311832289561804800000000000000000000000000000000000000000000000000000000000000000e+35 3.2258877762053427431965246796607971191406250000000000000000000000000000000000000000000000000000000000e+04 5.4159597905023229980468750000000000000000000000000000000000000000000000000000000000000000000000000000e+11 
1.9459093248242628760635852813720703125000000000000000000000000000000000000000000000000000000000000000e+05 1.0653519750124372728254778823365348105361473385332971020034165121614933013916015625000000000000000000e-13 4.0250951400285404920578002929687500000000000000000000000000000000000000000000000000000000000000000000e+08 1.3109109266797923347367030137439886106065500825934577733278274536132812500000000000000000000000000000e-09 
6.2561251006085974300761370319286894844090847316076737019169275196831364523711243587400756018836009614e-257 7.3592231045121996496307694149155435057601307716118062617526740692740729733120000000000000000000000000e+76 7.4364696475554779658448580696955380886503661486131022684276103973388671875000000000000000000000000000e-10 3.5362168725256336561675046878211348014113546422976241956348530948162078857421875000000000000000000000e-12 
