766970597 27 0 15 300733 7459 
24232 20091 327109 1395 4805 25419 
4380 913489187 308244521 389362852 1811 27667146 
168 3634 398452960 89414733 143596084 1033858655 
183 592989131 3734789 4641926 31275 2644250 
105 8 1458 25 1352 6154 
167420666 1 359971 154 11881 1946494 
681955412 3893 769236 477826 241560 936 
37 3009 77203743 170 1 3852873 
1 7873795 705242 55 2234393 1391826 
7 7874635 122 1567911 54 1256574 
0 97 11490093 488450 5 34249 
47 9332887 27916 2185 10795 5915 
402 664 5 1237 209 4299571 
361624891 1 2959019 722768206 222466550 2 
2338 582475 21 136708 7824 88199241 
46 1 0 2 1 2 
154648 22533592 67888438 40235464 1983 22155612 
141653 2 264755 7446328 138703 10637 
42982 186 79 1341105 1114123659 10011 
850 741 20295 280 4 4667 
3320897 248 10 82181529 173620 2926378 
2337349 24655 3954769 45943898 1102307 1980734 
511376 97857 381511009 1001295 23 7487028 
2617783 21284591 7342 183 127334 3091 
5178 76508 1 1004095385 2220 757381451 
579 667418626 95318 126714 311862 4843 
1396034 349428262 26114133 174584131 2384041 163260 
1 10979 125337194 2 1621 149974 
1533 1056903 2 243 584 6347 
12 199919454 3 107 41 9837 
84 1960449 127 41934 16164913 31457 
176353 8196 184498 1326258 3458 103 
89482 114931 733574 246246384 88192993 48341426 
106801 152243 20745790 1 6201618 1003618231 
8 210760 554059168 1 2976788 1242793960 
48130851 5539 124022789 238039982 40 595 
8509 85913202 97528019 2 1 226317025 
91893 74 46658 20426 154 56492449 
758052883 88 129645 1801098 165 11824633 
18870 337868091 73 16456749 41148 898 
35127 21 384213169 4976436 48132481 59703 
58 30 573762936 291169 2067290 0 
776019 621118767 27868658 2 81000 83880353 
2739 19 146 3996468 105133 54423 
82736 37 239 5757 933 583682470 
3 1307 385 1 1671 8530588 
12105047 237961 666845 18886139 4890 19642206 
45925678 89 10 272872695 5 3405 
671204 14059424 383 11 61556 0 
770878086 1087 17 288 5 24269173 
29221608 556 71632130 205167 21 7309968 
57 135 7322594 37906481 25 383 
183090088 13569 45290809 1 542013806 448 
3012 2210552 2 56482 730 39190663 
0 438655 23764869 19 2 876143 
2906 589796 2487 18 24907 4 
1534585 400545 9654303 1 7027 709516 
22 26086038 2808155 18 5 364523868 
1 1 1487941 225371 5 2432 
19439 146 22 11324649 331497 13 
28 70 64062454 3530 71 1 
2032967 437 83788196 2909340 51 33 
293959727 9868 129449 879583 100346 1 
73659469 7993851 457902 363079075 914 12697727 
75 1064496 5786 17348633 5319439 193719503 
3 371475082 137784680 3181089 383944 1309 
16581 1 5181 1 266752162 185925 
1863 3345658 19217 4824634 1598 2 
1 5 19962889 301 85 209201 
35 9 1407 23 620631 11086246 
23 1120 25753272 91021745 1370135751 6 
121280233 864 75705230 18 192823 717 
20170 2 29 300094 1184009 642905 
45471 22485 5 10085 5277 2196498 
1478514 33281 278223385 63 190 910235700 
189171 329314303 5 1217 0 151 
12912888 150684211 26567 6283 282457157 82 
19352 44 1741 35781 1 0 
3 79 22 1100963 1 42122691 
1 12 1 3943 16113794 519 
35758 28491932 73 463443568 4 128558272 
0 1 10828875 235978 52 152696 
1086938 4635 9399798 447820884 111034984 1061721 
434384 24427972 39695871 1124 88913795 17296 
11450432 76139102 4125 2092806 98201805 3518 
2 94353336 114 119936 20706 1 
22908286 0 1 12913 1023481 226428034 
13212 1332 80525410 383192206 79422 48238404 
1 402004 317996869 8 21869110 67213 
181300968 676 1 729722 5012937 3 
7 23186 5034 5264228 164927573 657 
171 1487 1 425148061 661 2 
9317183 1170 24077524 12996 1 1103860 
620272 3135005 2 123779574 1017130 9800 
4114 253577540 988276256 36 4351218 378 
1019351 6495984 24071824 274499464 175221 63 
134 120993457 557354 126 21338 1 
318 9156815 1845336 49708747 4119 0 
230958 7762 844 8171739 101899 0 
3800595 901575851 1 2 46 2603538 
39548 5161 313400 1228383 84 30 
177815765 1 23457 166673179 362537 2 
3073433 1585812 2114088 1080 1606968 1 
10 3106652 8148420 370822 52061604 221 
36787663 1924411 3811 62302 18059 478109264 
74978 331929 152287468 708149 14057744 262 
304 273654147 11 508973876 481318926 10956 
1306710 2 0 35 6229604 15854669 
313 72 2 21 786692 1460 
5920430 2422581 680584 2465 1529 659348 
185 7939713 3 1 159239 4433 
190 1 132266424 2814568 149272 1 
291670883 8371 108650 74650 239623 60230390 
4520005 395730500 658 1105860 38613 43207941 
1981962 10867582 9411 33663328 107627 8977 
6069340 9 937248 3800978 26 43573 
477288359 454099964 995661119 691931554 87 952135190 
1466583 5343202 217614 41 84957199 105394 
605506 40116 303208525 165 196674 3 
2844 428 1681 102 88247437 696 
78372 18316 5 33400 1320 871620 
4589 2340523 1499713267 20832 829129678 9 
1254041 108 196823 12195720 1327918 10783 
9207 23390 2201 378 6741 213 
2898 36810 2019 10 7405 368 
6 1535457 9018234 86746187 116 32695924 
7 4 2534 41134 321250366 34817870 
25 6174 3398080 5 2 129 
145187 8742 37 7 1237835792 0 
1277 123307 208901 181 3818539 3 
0 139 6 507554 30443203 310 
305094121 13925502 3657 45983 4979952 81064 
493 2 17703 761423 39 5075 
606577085 1 45042865 137079 247675061 420 
1957705 850952 1101720 698183 171808041 152213 
2100961 559824565 18074138 718474 1159695 1620 
88145 17 86620 233 15976 251827517 
12 2600 11287 4993 1138 107 
543072492 852 34341 33823724 9551143 379076 
78 803305086 11035060 265118 540221 67512905 
299 25494271 115 452435163 299423 7184626 
9 0 1001 30 15879350 620797922 
19894070 9031424 36755918 22338718 1 100916473 
0 99 9374 1 1013 27 
2 73262 411 111451430 111866 319 
1649 4430370 197534 2219878 10 437336207 
48 930 158056545 4741951 4 135 
3006 146678 10021478 11775 304 167757 
1144 718290836 1 14 89674728 2133869 
20932873 476331 5634 4770 94462393 710295143 
13271948 179 295 23424 8974154 27211 
53520934 49189 12308620 15298236 29 603757132 
25 6223294 5758353 7670 1525 464888 
515363 8981546 4515006 2369 352242243 278045 
20205 1 1198127201 2295 197 71291932 
48340 12335927 914652711 47010202 886 80 
92 1359 1349525303 23 1156117 746853151 
66 14627767 29316269 2020 17726228 52000 
470 2740 609777 16 251 479307 
3493 94427664 354674 9196386 38 2 
873 708 2920171 676719581 64 667609 
71885 10 11 1381535 17404 221512 
964913 106446474 2 3052 159 10092438 
64 42 5138 1559176 4 712 
17 2 7 11083385 12283 54786918 
382031 35 1088805965 779843587 28839 975280 
1004 4555 23987630 224 11 82 
1 16320222 81294 76750555 11 1093058 
8955570 40188 664 46537745 45774 304111 
2444045 0 27134 417 29942 454168 
54 667803 3 1675208 287341935 22546 
9687 984 1 713088 102914 5326 
274161563 64865624 66419 103205437 71562 619 
310255061 798289345 120880 313443 12118 5 
3045 29 579 5349 2076 1173175 
3 82724282 29711 1 66504920 525 
401 2441 2601965 901 13962 115096935 
18308131 2215 2661278 9 380 3115004 
62838882 1 554748954 775069 1 957101 
532 280 21222761 1103438 21142084 13861552 
1 1054 2021464 5268 3456156 7189285 
603 10879553 276090 1 19087 55670664 
33937 7 11 54471 1314164 63829 
95 1222341 1119 1664941 687960920 5893279 
2744804 668777234 4257 578852 78418 321211 
4445651 581740 374870 13 2 3690945 
109 125504 12858278 126329434 34 2360546 
980 8 284143 24562392 1 3 
154 0 31 241165 4292330 1595966 
1019624 67683163 41 31849 3871 3083091 
1567639 19621 241039 44461 1313887 1883004 
0 222532073 8597 3149 3 380893 
583541 280 390010 371 39 299214 
233 1225648861 43808 27319 496 10912 
15 7390 5817 58624 3 2144111 
361342 798582 587161 1291 739894 10678963 
6 2094 475658020 1107 4025 23808153 
0 174 3 23829 23 0 
96708 124085 4683965 196569 3 152 
1 50340398 1026725 455 445 12109549 
82636 166 25 45 1026 9 
81217470 16 6 755624 2988 6235 
7467659 156749614 216355905 585 24 26 
382636772 165736606 2126045 162612 18683 14142 
257 1096 29303319 3 283 1 
1771 374 8 1 10106430 129106 
20985 963632439 18638334 2567 459624682 246 
4 12004032 113092176 407 6 59 
6077 28466 183578 2998 774 47027154 
24366 264364224 1420714336 36 67348 172006 
79343 5 3479821 705295515 42638094 0 
58694 9967697 5563318 134379793 0 335387196 
114703 1333 8 29994378 85 1 
13622579 85996547 2694916 34867594 60765161 25146609 
15616886 269815275 67285 155087533 183827429 929 
1804 279765 625606905 32 2376 10 
619 203014515 8 65 773493 173401959 
2 6190217 8069198 271861898 579353264 198464896 
416615401 1735988 871 99309606 6764437 8559 
2195065 14277 346639250 1275889 761371035 1 
22727 1306 3149302 292 191051640 401 
36078 91 692227111 54687470 5 106497315 
49067905 133642401 19334922 1301871 2 24500971 
650740 44996 1413118 2689920 313484381 1489 
4090591 2 173644424 15783 23 120 
5459070 1 11491 669503115 1 159352 
47296 353 11299 96 3 1 
5913 6 316777 948575 60 229 
315134 3590 64030 53488045 11 298 
44 2964701 5719680 45318 577661503 12140917 
168 3053853 94745290 1 43 18 
0 986 9571 10386 429 5791 
87552 482 192292 4340 154 383 
7756 2419 35 2490060 47 767 
0 1 40960534 2935424 2225 678 
2 5157788 33438 1 245 124742 
80538505 21 40 26132 2 11323169 
6113 120 3 10052 10 2 
69 69231 47862658 81236241 2435884 17 
1069 7 45 600 14763515 1 
62880247 34471 35630887 80 363907 4443 
0 1187694068 12023 14242 1 137349965 
107955 261344802 351200377 3611091 91 149904925 
77165 305955 5627 685984314 366583 8615 
18 766 11338 86895 6743393 97 
1288 800 1695 22 2745 1 
48928 42596994 6 897907 1 1203 
798 8814 1469377 79395 37 47 
2739219 40392790 2541 6570537 1450147 2037 
22044528 16758976 61 612732 10717197 315408 
40558 230 18782 504077 23 6 
204527367 0 152773920 2615 54 4447 
4443656 519865 19 24110 22546 27953133 
27 0 3 137862 226 29 
19441625 2 26547434 933 476 5388 
683734991 10266 15580409 570906 401 22081 
1433134 532537601 11743 796520389 68047501 1038484 
10997266 508417091 344728 2 5 9 
65034 11935385 413 7989717 1936009 197417603 
11 38 7924994 5018779 15 50784024 
221020217 432725 118176 24 0 29432 
2456 167 66248 591487993 88194254 44183 
23461 110407608 6333 64098514 1350046337 4967 
10481 2 23715 0 823509 6111 
790222 2647949 897005751 13 1 3 
1154335 1509 477857811 6355050 441577 6 
471 501245 1 43243 47541054 20 
125 28216013 764150875 6 18767279 2 
4 40888 247 42348 116361 2 
29673 23 977 4021 1061442124 35007028 
628 1059 307029 23 5000227 6567760 
135914973 2794 1 733378871 112357294 3 
8935 1427 5094 8 43188283 12 
21495 68811582 4458396 6 383555508 177265116 
4524163 182267767 301024173 40518 88 17 
148 69797 32561 1007464 11892 3536119 
1 37 229 63 1054730 176950433 
21 26 756193 27374092 1 87360822 
21 344927509 12460771 1 1036752294 5 
19859079 663 20 2 19502 11 
62404010 191 1847767 39992 520 42798213 
6966 985 1173132889 34 3 1403977 
1312466 104162 0 75253 1161997 83051576 
1 116310169 15338 154 9763275 12584621 
19605 5 22910307 159998 408 10 
20042951 99 36332487 24 9427 18991186 
277 3128755 11 13555895 67794 585028286 
122231953 452 24294375 106819181 2290711 5137836 
8696269 86457 728049261 3361 369 27 
43927189 309900170 39587 4 235909 52 
430154 39 9807447 5311 4681815 10326416 
1024 9985462 19 58 86451447 2 
0 163570643 468415151 1658 88 0 
107 13236634 6841 98917 18 81810741 
335 50482567 3184 9 60749567 421959414 
123245411 365924986 2 98046032 333826919 166107 
41428 1 12402164 47422 0 1 
33240506 15 1153 345 775 1171 
728 3 1092237 11065768 0 104358 
138866055 7203 5862451 151 42302 124626098 
49930396 23 8 9 0 2208748 
277864125 92511119 378 38947246 911 77941841 
614585 2 11 5691 450 11079786 
27 2606913 25 322 499590 54 
361 10267 1345684 686 65162 3178 
147091 406000 43970 14570528 303949347 932 
24095462 0 234197371 733 0 33749 
3 6 21 42 561755 243 
312310831 380632972 1459 145201 985526121 79 
75649116 197 178188 2830 398540550 710671 
175567 95770 2893 503480 1464 22979 
49431845 204765749 3372 19967400 1773 85603 
13616 59 53454 18497246 502417534 3394910 
231809560 280 178 51 42 79600592 
908279 87368822 8916 3217 139302 15 
760 408643 1532 1 14 21452030 
173541799 504 87129429 68573 35432 624025709 
638601589 1023318572 7682746 89 2692001 6498927 
2722 177851 188787 92 97 1 
22671 52 42169774 1862785 14 11 
2 7881 4387980 1232 298997 13383 
6047 830 1271852013 1229184 43143 2 
14156248 9013785 12670 378739 1406 3101122 
30005161 4 41 2399 1104 437154 
34 1 517164414 3 1133 4412282 
17 0 108975 1343650 13567 2757759 
11 9 9176 179 93321 508 
188 353916598 241996 768 9174 1 
159293 5296259 73099400 345305152 99657734 844816259 
187402 169899975 54 1082 14149572 211477869 
28338056 2764750 56322830 120739 44 2341 
635156476 7 5933 1 553367458 291302390 
252832 38519 1324 18 754782840 152993863 
1487341185 81 2549 5365999 61396439 639616 
10859249 2 1 6 926997 757758 
43 635394 21504723 1 4469 584653 
82237 334825365 12436571 10785 105273 224137944 
1311399333 18801201 3137640 0 0 222404769 
1 1949 12647 2 508122 19051074 
2 1169 193305753 432873 4 307445 
624 60 408572 2555 8890 784 
2 63274964 778057745 640347720 2 35 
119 9 15087 9222269 648718 94639767 
95733 2112 122701942 24 1313689 73 
9422 642805 148 17329 36 374275 
74244890 9124350 159 1 3277 48 
1 1046295648 0 303 351436062 148420500 
442332711 298 313 1 23839 222 
6120 256690350 139380 123 1668088 1035270 
2 4 416 66626 361343 21 
3 1 280365 1 941255 1436480 
210451268 54958321 127895459 301214332 301 91003 
139031 297 1207044 618 316475831 28 
3025 2435476 17 316 243 34 
730522 11028634 7299 93 35919 4105007 
137855091 2 1450447434 416039812 10 39 
596510 23 99855 1322269 2 0 
4 2028 691527444 13321120 6976680 0 
1124251 14 0 9363843 6935 13128258 
870039476 144772 33129 3 760073 747912 
8091211 23509298 1309 2939 359452775 4675 
484 151399 1743 1 43386958 194 
38503 10170428 211130 2857 6 1126 
154983356 175975627 5956733 113 6 3799 
9 34779 61101 3342991 3 37 
884705402 20 28 64 93012 17 
8 4807 120 66 179386955 2572839 
9395 1 671741 78446 9533204 663853 
149500 135147 0 5260 175027 1 
1309 429 1221419 1449324 27 13 
140126242 130309 6335982 132574 14883702 1 
897188400 64384152 7 5456 765 167103111 
1718964 378 0 17322496 3065939 6 
2373311 1283 347619267 257 2491520 1341258 
63 103 652 0 2532 5957 
165814 4 6157 88 390392069 604111103 
7 8 2236 3322 1753568 5069 
0 2 3 158155527 8887476 189041589 
667133 22 672 27536 592264724 233767194 
23142461 6134322 14 519 239726 50297126 
95499 353836 404127553 1185834 11 5450 
5316198 731323 6066943 6 55 999 
11270132 445 4 1109407764 1674 55656 
1518 47768023 12522336 176517015 180135 39 
1556421036 254632 10672 44751789 29639 145482566 
88481148 2452 5925 616283 29264 4278 
93393280 1 216 127 595 21544920 
344 950 0 36 4654 360 
76 20 14667 6196661 3332366 180 
165 18 0 6598438 174 18985 
124 1580063959 142565821 715 93861 11008103 
20387 17 41 11869 236 400 
1436909334 157973111 237 4248997 458152 1552636773 
7 4 13174999 9948 1 538 
24 5659307 697 2749 18412597 16 
43376772 368911 217507 172186 63968914 222 
399963713 360341049 1040 680 63136999 480 
755 1 6596949 637 186081 1 
1141687589 4026846 11 39266 283565 761571826 
87013 1165973567 5113 148577 27 3679 
1 183646555 319311 86842379 221 350890 
10 73546 8842 126 1 0 
7221 2 415 1489727549 195616842 77696942 
51023 155099729 38 2 1377590 790009 
1439 1276 1468 189256350 1 66 
75650 2058563 9066 299052 899810 18 
18 65822 1114952 27530402 35298 560280479 
4826 24703 0 15476 177586 5725 
10026 123 416781 60792 1393530 693237 
2697137 0 250 198407173 73356 958297 
1 42 549752565 52198 524259 0 
341791 1970290 2866 12025 207457 1 
298824 2532 270 844664 70652348 59623497 
6277588 4782954 180239 1 1306 334 
18085 15 354 7 42735238 5825572 
680 2039105 1675 10434 459 741 
3572216 1646265 30936300 135898415 138707 62548744 
1347 9701 1 21 39353 392723 
0 8445469 1 17187018 101 171 
1 13238421 169033 11462 106609 2384 
65580 4 107832505 5371 3439768 694171279 
314 22175 125 2812 629021 17 
11799 739807285 36879453 16 23927 1425 
14 2219650 34520456 352342390 3 502821522 
328824179 116 62 76181 83630897 1188 
12071870 77874 1311 4876 105 1 
9793 1087351729 51028 19224 60 88374021 
40 2 700996913 9838385 452 189633624 
48652 329 7088 10625 254212 21176575 
9 137323 43 4 4625 87 
876 13 287 52249 8200 5 
85004822 868631 25260 2 63930076 372262477 
1 9311386 42 18254 458833 17648061 
8374804 45221891 33522 201935 323373706 105 
2869 322982 190 16060 345 829687152 
16925 43993453 1750 1223 23529508 268 
68 777 331 34325 2 121 
207173192 253 21783 226385729 53503691 3592 
3590841 1227 23347553 1490576 684638 124460 
1 148952646 1371 1494351115 199 523 
4 76 0 1545732936 1081584187 87 
15 42009 11766 90444182 723962876 121471 
16 1 79864693 17 138241623 427663249 
20847 851423 0 1168839 2 1499 
7596745 43 480032 3 57 150994 
2614 81396 9 31794039 6 4037273 
338043 100587723 17637 300324270 21 0 
323771381 5 16887 308636272 70180 5 
2903 3102049 95235567 180486445 327560 18 
295520200 0 2 299 103 331063771 
5786 250370684 451 255196 541 18106252 
1 6 877870761 15 0 155 
6287 2371 8406 90835 23957 8 
0 90 2053 4191316 650048852 202699197 
361558 2392 18 1632079 2742 4 
899538 2640041 4946 60 51365 753 
204957 1507 976977 25904801 18354669 18917 
3214 98892040 113619161 8967662 79919504 1 
1 1569290 219629 777 4 5030 
220208 1682987 261 76 191014766 27884238 
168333621 75817885 575651443 12692132 66 432 
1743 1756 3255 635 326475 459 
4415584 2 7 1137 20591 678242784 
15210926 129 6462447 1748 109533 201 
57790 21 14097 2 2027 379399376 
30855921 417 8661 43 8263 1 
9993388 2320 1049062831 318 291 87125 
476990887 163 1064 1 6739523 4593410 
59474560 8832153 40064 9985 2738 16656 
9469 214 475748 986575 42501 74 
0 19 1713088 456 11 193318 
0 149538 3 2783591 721919 81 
77654468 41904208 578450062 422273 501727247 2371 
2739023 232080 183 1 180 52018406 
29424993 30349 1 3889 20778 4863 
1492312 3460 1 0 108668687 36009304 
7 4 93939 2 206059 2 
18020379 2060396 726 34526 5 1189510745 
566861458 805 276046 391377696 25477343 134373 
2948015 43219 80423 22288 2 134221450 
3639 8 15776229 607974 747297856 3736 
1541497 5029 14 86 10 6 
4907222 1357 137373 1 82104 1053653 
3866292 404952299 22367172 413 2324966 60279 
8487407 22 387 10 20649664 2471209 
3 5 1266150 1088086 44188383 2 
30 276 199360 90358814 11 750085 
1 10828044 190968 618711639 251121286 195 
25 20 10 148602 1 5 
9180 10 158614 256704795 2 6 
223 20597810 18338843 820454136 18691 125847 
8627288 959884 2392 62112 1777 29188 
191 67255 0 8 30 254100573 
128859 2282 29940845 1475766 1 2788134 
79 9466307 1111067350 387540325 547 1543034 
247 4201 148664890 80 20422 1 
169081 46370513 946 41876 16278 759778 
467334546 4750 53187858 1450000 18 570283394 
745 49325954 167604 342709274 344669 926953019 
947660807 7 616870938 113 23255811 253 
770844 115 2131160 398640066 271 734366182 
95566963 21013 148166 56746 18674286 25 
114506065 1297430888 1 1 4681397 54 
62 169551007 2 86566972 4694 103446493 
5732 5233 4648362 92113801 29175 1132 
975998 946774 132787 1775216 54 7324 
12 1093666 255 1 1 28590 
25590591 11604475 621156 4126360 25897243 1172347 
293438610 2309 7560826 430277721 1 23882 
4 164901875 841043201 16986 10655136 10 
4928 7 182143 228 1 154 
749728 2639 2 146161107 493 4873634 
87000720 69693 334 12059065 7682246 8 
22208 5 4560176 1065 19114899 39 
0 894 1 5330 32 1428 
127694 117227 621294 28748659 20298 11 
8152339 41987 627041375 374133 1200 1139 
661247331 64851 127 10 43612575 1941 
713 191252 935613 1998853 13701 31 
210026364 13854 2 218309888 276383487 569897769 
4 1 1 1245656 18535182 725502 
83 261 30139 0 6595 65935 
340 13551680 29 11 84431097 17521 
210981 157 30058 118 63373 280894153 
2 26813682 251637785 330353668 17 86792 
1 516956 131318221 29536430 2 12545641 
31158 184232 40952148 15610042 874898966 2226 
1 948803973 1 1097316 181144 18 
238 183861873 22210 1 2646601 17806187 
2560 22348 12824586 5 3659082 91 
10243 305223410 8661 149906892 5361533 115684 
32809 20 16407 413 25 745 
6081778 148 17544 2269 192 392770 
214827041 183476 34830 16 2234 1 
222953 37929840 3596188 41337507 142 226 
1 8 44 38 77517 992275 
1 1314 731885 6088 17651 268094966 
0 68 3067781 12099 12 85015 
157929 5286 7 66254 2420 331 
0 157147 624704 517797 237 1 
6102 113 5 73 1 271471 
9 592340 1 117313 499604919 1687 
121 59 955 5377040 47705382 357 
3461788 181 1110657013 227099 23897957 376 
1600729913 492 24229 284223 124 575 
35115541 7338 37745379 52048676 1017281 0 
3060 499917 4095 90339370 16 14422 
679010 41143 6600 1590360882 1054764457 815309402 
889833 77 10897 9883 45894140 63613 
773327 80358806 61 23490169 59842 5 
2484 1 196920160 3 1 247 
8973673 37 66 60 1 85 
200 6 248115565 97423422 83 123 
48 890 13 1529128 3021299 262976 
4355 12493138 155 121 189 3708973 
9 86055 83647 43974846 2 337 
840171998 29 23418 312997697 257007 97197448 
19287 379 160909171 187352070 64351510 56868086 
286126 1711059 4989243 1169 484 46 
2088 2775 251165 1953 5174 695387051 
62930496 81979 906717932 25 1527 17 
7089 372808 240 41816232 56000 89751 
167321404 10732694 401263122 6809529 6129 5 
20770 1118228 1069321 2 46833722 540754 
1 24 16 1 80 32201 
223 952 2 1579326 1432490 1 
1 369107 0 5 2102444 60904 
4 16776046 2356855 758 21977 47905594 
45 1168680 29083 336709 36822 27655212 
30276 5 3 858315018 2240477 2529100 
50 117 11 10919 2 194571 
1353936350 10065767 657512 41841530 214 218549891 
44418203 898192 31603 3465573 2798 332 
1 137604806 70397869 22 100332652 81973 
2608515 7048 74616 148 0 299818161 
1458 180720 41849 290578 385386559 479 
187949 1 139 156 1199822116 2835144 
4 1942464 1175 8 75 3506473 
143534 288611 1764 0 23966170 109 
4825 125561 180 156878867 232 616 
5860 1262 15280 39 29 20087642 
1276429 167008203 15759 251 2565487 110226 
14 3 460144 524212740 45333 243 
251719408 42 1313 791782781 60824830 2 
2684 2486099 80497 759447058 133 1 
722523 35 36378052 28878281 1 14112 
440 11 460 756 97590 12 
41 279981006 12245527 2044 98949 3832725 
771393 45 5543 86 190183717 687000 
11850177 2104749 12347563 9982 34606870 2308 
67336220 64897883 115147 3070 1 15059957 
252 65 4 1 7414770 341 
38817069 132790 177434467 22650 12328366 9 
13670 1483 1500 349961485 0 1 
599167 4338 1 0 451 9 
9531 1201 312711706 1906 23603917 42650 
2 6352325 32621 42 0 198 
1237 195777226 1285711 806177 211558 220577 
21035 2 1517947 21053 4038394 1 
2 723440819 779497724 325 139 8274 
96295 631624809 3120305 138039 35431 42 
1 1130362 2 10 2369872 8385 
18173 35597 692366022 229328095 2958 277 
0 12794 152880 9 992594 224138539 
1444639 20112748 15393665 154481772 1 128269475 
17612 1 300803 1297 37 1 
1 1116932 1 7721 32778 338 
18468610 1768625 9071 959888086 23425521 0 
2737421 1061 628162713 18 4117575 78670 
298840 4176 4792 43403 76015 2 
282474597 15 814542 1 4622919 1 
342 161767991 44 176 5268500 11436457 
97854 1 275609 39 0 1 
204906 20894 28629 37 587 5003944 
199 11 9071 1318912 779 5692 
78889 754 70382526 7539 3592578 284805 
2294776 1 670 6952777 97412 1 
47377 235 242 227579 1009828 2896846 
22920 4036 2 2479 5217692 3433623 
5029196 14 6946 179 51612 2 
1241983 129 165 2435131 156384 341 
54905 196915204 2368 35 8 87913299 
1192270120 0 1436 8 381 353829677 
4 2136 165 75078580 117297127 80 
1254673 2166 609597 185837688 2 341 
1245 7955833 10 8198 2 420 
3265184 17 2 42420 539994 22 
110240 89 355993062 19830 2 534 
119944800 2 2013 3956525 1368 421 
13885 4659 7207 1 390918 1752 
76373 79038 78297 3594 735 724613 
65 1920138 1476971 39457 18 1195 
2 2034763 32246982 184182807 277 94 
1340 5504823 62 13 2252793 76511 
186552845 1052920 1175 97 23079967 1186920 
3201180 219 1070 346287 638901 169 
105 253 1894748 7 231736 58815 
36 1111 29225 84155863 1276880 9813984 
1421 3221118 59677352 5033 147693731 18 
122 4855 2114 1 14 10 
32 551704 117 2632867 1111 129850 
664547 11 2 5465 33 0 
728 300 8053 1 330177703 73952940 
809 33091 142405862 116066345 4774970 9609569 
0 3 99897260 1384389198 32 78 
119 563667 850265941 15 3 20 
189 866 122 10460132 151402 7075893 
187105 2753822 29457186 1 2824718 400173 
9 138470248 681017 1773515 6893 378188 
2718 7 54441477 324 155338 2642827 
40192771 26601 0 284 1371 2 
87773 2050 244994 11 92899 19 
43 3 2543 1307 618467086 1 
34975 0 536870 591 1 16496 
1535 18 51 186942 1912 10656330 
57 352 7 761 5400 2272251 
65958 22234136 10448 2604 2653 8932414 
422669102 8 1662307 74 46 49574 
0 357 24386 49200 18 13361140 
44039 102 170689 9421 60269 339190378 
4691762 10 1451 327909 61097 4 
48821 11011303 610723 512 15024249 738 
126328117 80639 1427 379264414 5324 74110913 
33 1564104781 11 1863 0 197051552 
50617 388303 12848 73 4 38003 
967673883 16229 1749645 7 543176 540 
102729037 10720220 909 550 1 18 
10 14988 13 156724 47074 146953 
5030 44693 29285 343 71988 2 
131452 17 11406610 13058719 14 18378677 
166039689 200072 134932 248085774 785 1 
131201 356682396 257353 18 27205632 85207 
1 43949819 182863717 8783 1026837 2928 
1 166777088 380 6 10628728 1588130 
1 363247642 595652 1030 62568 25141267 
179955799 454 347 22475 12313 3727409 
0 373040483 1418 670036 35 445243622 
2361803 181870 359 11418 31826 464975161 
48 700973734 6259569 11161399 705779 1990790 
4139 6 288957 34896 10512953 2913368 
148 696708 145 13001 21740301 69 
2004 10 202097 48781178 378310 34414127 
1005599047 10 187 601 52254889 134 
1 143979628 11906514 554197420 6915 104 
23770 242031351 22857278 364076462 107 193284070 
876680374 615 8769 727216 10 5737 
36615864 92793 11408 560277176 5 15 
3 537 48111 5679383 82702 321 
582549692 12527911 33743 45 186897 30718439 
3889 1397 65279764 659263203 4 4 
307711343 1656 10537 9756582 3864 176521633 
1778 3609 142900556 143 1216719217 4576414 
343 341532323 31311 1049 560 1509357 
1 368256 15337 74674 14139 2 
3606 45 34468047 0 992358 3383 
25 582 200408459 33600 997092397 166328 
20699102 8 1 14 1523 205715348 
12633 11359872 11835 538542 18 3531 
1687 45 1172423 180 800742 10113 
1179 23821 276800250 768663 221 109 
16159 123315621 369926458 5292880 265163 726349 
2206 0 832 5826309 1159357 350347709 
3853 1984 40 395480817 2017 70416911 
118584 0 11386 16 8438841 25 
1490426830 30561 3851140 4782 798532 118035109 
0 1297 27179251 716 1819457 1317 
401 45907 440694 95104 27 73080 
225776777 112166336 32669 345457807 32308 6192 
447624 130625903 560 393068562 44 320 
1946 19700 2306059 0 11235 1429 
543023487 1412 318 1 278322477 682806 
60885196 973 303905907 0 73 1 
9737362 1022332054 50652820 79 74848 661163104 
284887202 0 9202879 16580 8 52347913 
93770288 44 65 31603548 1304 11 
6203 13 1537 168753 29144 363188 
1 1055 862952697 1195 2198 6 
1038113427 1036245 11987600 143662 815739 169 
12 290 54497 1797701 8672 206 
88 1149420 159071072 840 222 52670138 
10 39578513 74 465 160536156 46272 
71 1209515351 22619506 21056739 54234612 63112888 
2130 16 5 18 1255439 1298675 
64375224 159102487 311194517 707916623 2584740 18079 
900 1772107 1004172 4553022 22790 100 
679 66 38300 10568016 2 14654 
562 196932582 834691348 2315 164 45907646 
16809 173 66 44120 491849408 208101028 
8534 52069460 1651 209867654 636 282012964 
84 12 23322 486451 240797366 344987461 
208 359 94 25019267 2922684 8949 
405392817 9 576805552 10274058 72221469 79612419 
261 2150034 5994 223 664 9954 
601 2979 1442538711 43371465 0 2 
5381981 7 97582240 642378 742211070 9660918 
710995 30635353 1570 2 70603638 2888 
44609436 3495 1035467 21 1488375 73 
1252948462 86 5595 46672 28727 19 
8782 92081 51926313 1 780 621554 
17173 1643367 5219518 3067 696 12274 
83068959 18643117 55664 1228 20327796 597042 
328853 95029 2477 195685713 7 199951994 
6970 1667 1 1443026532 34 167 
121449 1452808641 47 46909 1 27943 
12 13135 1 180865168 164 16 
48386 4295406 273913 26189 175618 7616604 
782 17971 22274 7 195186 521 
11922066 539867 36549 50 1261 748018 
9020805 16622230 9050 358344 779 2 
2468687 699273 34007146 17 4396 38 
337729 1439 29 309 6770 97730 
6 98814947 1 756598 36431382 2671622 
8875461 1164883657 19301 125836 1192657637 1150695798 
109400 694964 177 12 38030 36841774 
92 2 242584 348 178582 207219842 
178 89427414 4211673 21388 4822 1784 
78542 4513844 77659200 638559947 37410734 112867 
28 932584033 4 1552983 55612 9947 
23541 47 4 657412 379776 1421620279 
1593 1544433 2244308 33284 45 1101330042 
1354 79848351 0 2 6202 15 
176658775 821 30805874 248 1 180410 
10 57658 358779053 3808592 597 330100517 
6856939 1458 8938657 1 582170976 22 
280069186 43184392 128 80556 32402 37 
6588 3 2136479 213672 357 3468 
651237 15312122 106484068 2957 582 12158 
360 391 5 15886 419654 2389 
740 139 1372 848 232810 14575115 
416845399 1998685 5650 1 208388 55877 
8937580 1 1554272 2840 1 16732 
360187366 2797837 549469 4427 38 82991285 
27571 1 1784863 581194 171701671 158249433 
1 1 42416 356023154 3154 36 
654639485 32602253 4685 542493 46111 8 
510 2260922 24146097 105958418 9933998 93 
1 228 301 24013 427626252 2 
570 5261 163189944 450903 1391404 675087512 
1 833 4155799 6 99 39 
797 423558 286 93114 1239206849 610 
24636 347076 4 62856651 2635557 439748813 
4090924 388635 97 292359 11726451 562 
41020 2809 2363 17490 3 652532810 
828 552 22 28982933 575376 23209 
43 150652777 1497679038 497 1 21730263 
34722236 728529651 44019765 95 1 18 
5433 47 367584 4689 2822 192115972 
162047191 2256273 7269 14 20 251984 
2517 139991374 830317057 896690194 44718890 5 
21995408 332 188853732 5863 812394702 1 
15593191 21620287 24 696639 929924836 567044 
3 883708352 50791 5 2 9362 
1 51138 1 54243315 1 177067932 
56 38143954 10 6 902767 72 
5514293 564544 629141 1013829612 78553 2408 
110977327 2447066 5176 1 162183958 22607514 
601 14599192 5 16397 1017 1 
935 163313 1648264 40413 3 493293 
11925592 252353 961 479462 10994 39667 
8 16437 22366400 16 5230 29423 
529999591 17820031 6892 53654063 28 18466417 
143582095 1285 1821782 4 15849 7 
10133647 378 1476 1 313959922 7603800 
824824 111 300 518467 22592 24 
918 4 2301514 509111 1358191 74733966 
26 322 27092 249743443 10 23872 
969890730 1782 2555 152842899 19 6027 
1 8719191 1 2 24791 4686443 
1696 125145 70822425 157 155 556509 
233081379 150 3033 488468581 70 241 
3555728 6349 50 34 2957551 6605 
668 2 43 726791 109722180 4213273 
40522 65236 767499406 41709616 2216 15663 
13687 6 739 205672 16831 175 
5 13 6 16485 568020583 459638476 
0 1176 176 39458 5516137 1 
342 0 25 46580 5 380 
209 7369 7919415 0 12581 87 
267973427 124003 50597 768054 0 14684 
157986229 385416640 3542 77764 79 5 
33215442 1 196025558 2092 0 2734947 
1018286 40 280971959 22181 5 3776 
88 698 3965914 249854 1491988660 354 
10514675 1258 794729 37 35 752797 
97137 940 33517005 4 54 558985853 
6801907 4878 2377161 814504 288736337 92 
24 569 86 55 2914341 130662 
1949048 5753 99499404 681 894831724 54775536 
24300173 18313747 3090334 343050168 405147 4528 
1506 70262449 165913 10374575 1108230 159001418 
28144702 1 10467116 1654252 1096921921 233103 
307131426 311 24559511 886254 53261189 257 
1222817 451 5674 127 654533 1510 
293 2409176 284576 6686350 2 29771035 
96263514 20 13832047 107467 1 37 
2988852 319113260 5556226 21513 536 895078782 
41320445 9 7 5 184350834 351505226 
98024907 4782 173364560 357936482 27 681 
4 1124 3924 379 146200077 970794403 
4 80739025 2 6219 3428 2027435 
32 2342 66504334 14 326 18 
2384 1 121212990 88 46589 182 
46096616 2 31 8349051 12 6 
53 11 43365 3 137 40091 
1 177731 28 1104 4453502 90697411 
16110 782603283 168195163 1 62576088 1 
23 146031 186 365380264 8133 68729 
1232 15 742128571 1225 46921463 94340608 
18 3300762 3688 14471148 323299075 3380 
20373374 921427 492 483 41140 298 
18 257771 0 852 27 2 
4234268 2322872 2790 40229 8898 96233921 
677465 10229220 21238369 580 1423 490149490 
4083 85 117684480 196440995 1636 18 
2 268362404 159820544 8803388 6396 22979 
1 9762 21655 1685205 82164 109 
3313204 167 4358743 70235 9246 496486 
1 23336 9566 1 15573 2687204 
5 682 7 1 69721343 2 
3027 736026 283585416 9 1839315 1728956 
189454046 2 64721972 44176680 2774788 2 
1065547925 8657 86025 20517 1010330 11673533 
254017 114150410 0 785073533 4119292 1 
1391 4 1470 82 83633356 31 
2190 9930 22047 288902807 43761 184160 
152233 413 3033274 934870 118 39694027 
1 376997489 612 6 1369480910 5 
319222 18669380 154774602 58 52623518 262151395 
715100 58 612211460 1029907282 368376 349564411 
271 1123 38383554 21 5324 38 
25139894 600093966 2575906 308 85 382 
3111259 630940 2 252727 26273320 1 
39 22 74 638 7964767 521615 
10 81 4 103 87933 8 
490732 1849 85 17003 22879 142242 
59128 1110726 5 79227 186 13649 
1550 23349997 7 882689518 0 37353 
135651925 19865 0 2 189662 657255 
1415210 75 15 31506662 490 328 
288 821226689 10 4510 8640 5539 
203 5214 176514800 983 164 151419 
51867686 458677738 1212754 358 744 53776425 
19432 365 7281 1 195 0 
364004 6 1188490 2 53584481 21 
14 187 942338 275 729512 1294 
27428571 15971878 7296699 3 3 216485 
19523 559084240 4499958 546993 32 5 
4 3339 54 4 20451634 3781 
24 135610 1 139 1131 1511 
5344617 13 3016604 3 3991816 130543 
66780964 37608 28392 141929 97927 212 
176695 225239314 563152080 23376821 61169232 25618 
262108162 868513693 28 19288105 42 20829 
9 76138695 212 44982651 0 138894897 
3136694 3018613 1879578 0 2 704 
369193 2380 765 1665 309702 17585 
2 5954 127 1811 295666 214519 
26 184 77 5169 2736 279166568 
5 191 1 554 267664 419611924 
541 2 354796 20 1 30135860 
7200982 1 85554 245460 1551993870 44 
5316435 8791 25 944 583408 203 
20629003 661644813 136 124 33041 956414 
0 639 58786 2878990 5878214 77183 
67771 163 11473 3369659 2815 72 
1212996177 37 10939 5 78 10185 
234923578 2 782 1199 41559 1724 
36268 6 15 148 13469 1933730 
155 10282775 11107 377 3 74864105 
8831 7 1 5837820 2666401 6 
1745 26 60523 46330 13451 47 
21 709606 2481338 2147 5461275 8004996 
38983071 85748726 283227724 1330 594 3857413 
262390362 74145 12 3157053 18101731 56070 
19 16954795 548171 13 28 135597 
130 21687939 54299 149096 17611 6161068 
3242 6297435 583224530 69 7531374 3139 
247177698 153423 2445 2 1821 349812 
12984 8417183 7 20 91642429 2 
33149 215074 1 131 155074 57 
567788 812535268 513 12936 4196 6006 
11886331 713471363 15297666 7003328 77256245 1704910 
53782 43 7828 68159977 18255229 230604 
0 0 523145282 347313 24091 6 
4825501 3681616 47713 313118 1509930805 2635258 
6 332340126 5684591 622170794 2632 1 
457009819 480264097 261 227 1342 823148 
3 2 5 2316627 1556349 33928899 
282 2665539 171164 366 1103879 47341166 
13422 345947487 63615 47 16190 640 
5021 3065 18 69465852 117919 8 
46038 17533 5 88145 58 238 
36 33280747 10 11187032 8 138068 
377677285 583 520948 77175000 2 73656 
779482 52 35 10551997 9236842 1601958 
26067 145572 2512377 600024740 2 86 
6 37 5401 20 197965 320 
578 9174269 36476 477 24 17809 
32548585 98600685 15507080 5 5 141276849 
186799 10335910 136254310 732 1471 139 
270916969 29580 1082288 374 146427655 820556 
514413 7 607201563 5 4 0 
41 709 2032151 2494 594106 44554 
765925970 6055 32 18494195 1165200 60693219 
224 0 177912902 165743 44503612 2615 
0 341778221 2 23647 18221 76346 
35751 875256 18 18728 84 22 
89 41267805 569182 89 9 144897631 
2903967 1 2 1011991782 206562 0 
24245165 242311185 398581 1148711706 188 182598556 
9553 65 32864 68291 13112 157937052 
580769095 1867 1458 608055 0 332678818 
1388957403 166214 14 1 2416 309 
299775 3101730 6831498 0 10 41311406 
100818963 104280 1819 65 10175 4555 
19 5214127 64041 7120542 62232851 74979226 
104 197980913 49210904 1513215983 4352 16360 
24705218 3075162 783545984 187188813 258 15832865 
175 216814 707229 10 16 4581503 
886324780 105 4610 1391642529 340600625 358157661 
88673 1471248 332492 96931 185066428 48 
24534671 6287469 88 399958027 1 2 
5021 33732 11 124 2042 72674 
9070 27316327 2294 2634731 23 6 
173261351 7528 1374 10308859 67 136748 
18 2107431 34 1278 406552 3 
546 18478404 594 74 4605 5897688 
32869 6 192071494 7690 1438038 188 
9126 110206 73378 6 61698 1834017 
93 0 35245 406 6590245 85 
587 1360326 20981622 229568252 213637 449 
58 2956917 1 147523844 274393580 6994445 
153 142859 0 4324 480 305971364 
141 87887291 15765172 5 5306 2497883 
198 1332167 32871 1269543 305478 4123720 
1050 13914085 1129474 137754 25 91156536 
2047948 10701 115825 1926779 10 54323 
11187 145246033 0 1148497 0 43993 
59634 5414630 26629010 947027838 108202250 0 
2365561 1472815989 59490 152906 76 18 
47932309 0 1086927152 102084 1271266489 2388 
5 125325666 10461 685 22078 1880924 
6478468 741712 2 5338166 16253610 134698371 
45071 186805115 51880 69307406 4019098 38382 
1892875 246754 23526947 85932 10308 1 
5 927 9931 7 6908 178753658 
15581084 320104585 1043 3 22341 319065907 
17617 853575 36764156 518006 7 183 
4 18 78168481 14 650634690 15106708 
0 1581699 2 4959 41 5961 
1 28238 357 475 5758653 23733 
1 0 234 93 28939604 9297642 
6197905 53749 23077 140 719926925 795792 
262 1153197445 9578 1508742 1121483216 60402264 
38 665 1166191685 301256460 5 38 
235571 96 21 10320814 1218770375 2544 
226 4454063 1 19 497 601 
21 663027512 1453 19575828 219 129 
50056214 242389 11916976 1559 9414 718043744 
10277248 620644193 65 20710718 175127897 171 
17302584 7860 1372 1644 193429 537508 
353524 798278 35 868587 482 155665 
8381341 214 374558 10 313 28 
2179289 39712 12555660 11 21538 816 
20607 1 182410842 299 65961840 342582901 
10699724 467 468304071 885634 679 215122769 
21037377 419592 10 8083 1101102 35638625 
574 41672 72890 1170 35073164 9730 
105514 91312039 739606 156 7 1 
2625 164 2 27 20030944 8253 
63535 21 164205466 850 2855 114930661 
43421637 1 42524 35137 423 45710318 
19 718227 393 3 280940753 2687471 
21 11807 0 141 35830 28026 
169 41920 65434 6 0 102946 
0 7797 238483 2843 8260954 46293907 
5897832 362849944 2432 33385 35 67824665 
4 410398 2 6891 33 2 
0 574 76 116246 219 24 
36866732 194199175 1 3404 1491503 5879 
46 160 801 46587 590941 4 
737881 1083452292 480261 1200 19 2 
2 169 94729757 4821 1 330 
46539913 328031 2096498 2 1284 559557729 
5 9585848 1200 82714 49034 5 
1741 1 1261 2712 19599 55 
181965 1109413 3653 34947 5444826 170382053 
69489 60646332 98348 1458507 144662829 345 
12 2740 9558 1092 1 1 
30451 275992398 352455 281 3180 4175839 
3272474 448 1 3512 305 1 
996 1355 9093230 3249204 7 58754518 
60 83285 752343 5964931 15206717 63 
77561 4 4405 15401026 205751381 0 
94455 0 5 2 81676809 670732557 
181 214 5369 7053 25788 2482 
693911340 107 26082 304400 55 273 
1 5522 7856 61935 72713562 2 
862152377 292 23668169 73991 1 233755 
310 16720064 54754 360273 3021 59394 
22077 4336 698410022 31258 23 900929562 
3841 734611694 1018722021 185722909 3026338 2 
7 246746439 5 125200051 1988485 3 
34846 71201292 8942150 1 22 599898 
20 324636139 7 84 125621 548403557 
0 65128 108783089 442 1 4 
266264840 662 177728 10 2 289717337 
18702615 2 82164130 10287 56202 1982 
4158446 93020 38423892 10311 20 78004 
1 201 6259411 4662241 408501896 35084580 
3894 5194 2891254 1378321487 36631051 283510 
4137 0 68 198222 10 1444 
256831678 20 5 388705 1 54542 
268 16086 1 635668183 350 584105734 
858754 147 170 1463 13484 22598553 
5107 177316610 0 542881335 931370511 27 
0 419565 749 14 40644 23029862 
1 43738 3 24 6343936 501634 
19114178 739 2 35634 984 97 
6048792 19717 18711850 719765 1920304 61733978 
577 248714081 363700349 94497 21064095 36126115 
18794 387669 39 370016970 3 319 
84 5077 1353 3306829 561 44644 
567666 10249785 23980 18320 2389 1201 
1170048 2 2907107 344162036 17 3470427 
103 24228666 4499287 1 7 5 
2 1227 331418352 746817 1161785469 492 
40 778831116 10 80176666 1 86 
299730075 4675 48 5101090 148 28811 
3 402045990 763 1054 2915631 31183 
1 4524 16892280 1360204153 1 1 
444 232937108 226146 36678829 18795909 185419 
580 4079300 45 60 733694405 781027 
2202 811703292 202897 5 8218 203 
41 28830231 17181 7 10 1118734 
263596009 154619 1 18 49646271 6990 
895947377 4213843 286766 793453410 6114 8088 
1 6930 372587165 36 121 11 
1 853953 1 1072483 23 711 
546 2 2217 1015525 2720162 21 
2895 6838 4739329 23 3909 84795843 
130 51372865 23576 650722 5062 0 
22527435 110501 193750 438 19 59983 
44 6921466 11722149 96 11618521 1580 
11205 1814 1620606 13693620 1121 7648014 
168011759 66097470 0 155 1542484 734 
2571 1 33 1526606 294 62784394 
8529123 186675496 644472 188070689 2599 2 
41 3974223 97749 109397 118 113 
18 7 15 52366 5937 161406 
884 172 464570 2250305 444 19774941 
53916 227351070 369 500 699569218 378878687 
1326825 3 97 2542 1058946171 553385425 
1242270 87307 93805 92 363340 71327247 
118 249578684 1 11 1154 413556315 
42519 1299667 66470 4482160 253977077 112189874 
82 1543602 10854668 1201715 80782 1364526 
17427059 317793 393 1090146543 3686 20555 
56 25102 11742783 29602 946874 3 
238759186 440546321 207482180 1 8861515 1 
19677016 24422007 102658 20362801 765 6211830 
845371 1275178559 202156778 146786761 759505924 5356805 
55569201 244 0 2946672 192696680 10 
9348181 3 219020237 176572899 2133 1 
140374190 1032 268205 23744 6368 38818 
855 65706 2523 5135517 1 749485952 
308 1 3166147 185763973 11995 8642928 
10 21 23941626 1067 1443 348515 
771485 89038050 22 115 511312559 2807805 
31568 2 27370864 4 7201140 763163 
1975218 1496 595395 1355442 702602890 1 
1 45 156 77972848 17 1840017 
2768 49437287 23649 139159289 3 1309345 
50073871 127 3 16 46433 746698 
11068 125004545 2948 34 12116947 44767758 
576 58441065 21570 40 43794 797 
6 6431870 193152914 3 7 58455648 
23567 38090980 1 2 36 46403 
6356574 5362921 1586934 15352 1 0 
88 1255 59911377 46040033 20794945 1500 
3233350 14531 590 1 595735 1 
22 187 1071238 3181720 303710452 23300040 
635882384 94289386 123577905 64613 299915881 3 
171059 86200 232430566 2238850 181 1486 
2 2356 119881378 154432025 114 1 
214815 8092106 72137 314273 0 776308 
71818149 2341541 268 306970 739946 245 
69 2 741234018 46400 471260 1444748675 
15 7 30356 30 57692 3 
17 555 10240411 10633 80 2 
394241 91235 222950510 353904 31816 2 
35 4 48701010 30 215939528 8350398 
2468 351141220 40 7 2 3501515 
737931308 50546 1332 47 92768543 53450350 
3 0 805 11280 2746 76 
107 1192334 2643756 136158 46636774 8 
1 6 97394980 1425638 1 6028731 
1 77315 0 136 551 698 
9767684 7 49323 1346979 92328 808839987 
586224 0 1 0 39 1547829671 
295043 82 75465732 10322726 1 11 
76089 11541 45 159959948 78 25096 
5960567 11 83 1427 187 1379921522 
8845939 289 3038913 123375685 424945591 1347 
1203474127 21 116 2596799 256961 26778 
2 6781 116 1 4713 2 
3042 613840 10 5760392 312697 2265210 
167 37945 34594 70727181 6 79025 
278631 308347880 650 173154467 4195 94114070 
210065 8 1 335849 412 486 
23 223 1122 6 5960399 441525465 
1 166503438 160988390 297327 1272356 121035075 
45591 973736485 16151562 854626 2025989 1512 
64430 7116 795 5128818 34095180 0 
113510400 5 1 928367523 998 274040878 
319750629 45 19 1279 45 566158608 
584349 486106 2396 24963664 30979303 18625484 
166 18 26 541973 218691124 954472444 
1 1 1663 634092738 94 2 
176315260 23575 1054 0 1 1431 
11808 8599 22922 21331 11 2086043 
46 787 190 6616235 3010400 5 
1449 8 2396476 918526 246 938034842 
10213 1 2 2 45322376 14 
2 852 3880603 11628440 32273 237364062 
700773 17336 39 379535822 11091 8074124 
24 5 1274601142 379978209 271553 8668 
72719 1069 25 3983674 149696146 996 
11 648634 8 43 3185 20850241 
666026 578624 46635 740 1 3574 
2 1539389 40 949 698 2691139 
11479489 87 775099533 23 74030 0 
139034 265 277806 6 14 3 
2279 5157123 474 504942 61939782 669414609 
90454162 140528147 4144 278785730 14614 640 
5398 4102549 113746 252565218 292657 916608 
2 13 657077714 1392 107 49490 
221265302 903073950 82439049 264049 87191403 663234 
155 956 1426 2 37699731 80802849 
162 23 78 356548 49979290 4445132 
18289 5587 2 47990675 9032765 44390589 
10235 3337 223213002 7 22343 1 
7609 243834143 40 6 826 80195 
104433 22 99 14706567 636222 40 
2155 1530 144208 0 1 21 
77953545 95222 19079 26606 4033 7945458 
365 5136 959 12197 210 17 
309 2558 3 2457 62985202 2604168 
445135778 3 204323 102573 9265 2283395 
3 43 108390432 6134075 30 2 
25810336 18773448 1 44443 343542681 179444 
73852 957 2991762 33927948 97331737 4118 
26612 26 19 115 19692898 11860319 
2964 56212 8128452 615587 1 26 
12 27486 354555865 547563 1 1986 
4 4 23 1 7170 3032 
24 361 36779960 200922 9 1 
272208561 8040 5918392 20102 2202764 18529668 
784 1 24605 151 1898165 351130 
2370 0 2096816 45 1 1311 
879768 1658683 121 416810 27763694 8 
379 381 138 696 84289 51631286 
790298077 76149 72 17515 1216168483 22 
2 102 157 1989848 167457205 2200037 
5451635 12303 23211 18715 0 5562 
5 915941 396893413 729989 47262283 3334973 
18 8765071 1057074 65728 150342733 460957840 
635 116953 141 881557 2 130 
21368372 0 56 227 74602613 1011286850 
1 4 830370442 188023 145438 400304 
81983620 11062968 97443715 520545126 39 1369348088 
8140 124448104 20 885564 4055 58142238 
4398 0 143700481 22324 737089 1 
978864201 454998687 95923 25446267 195138 14296 
3551 52 1 446 147258455 3863 
790977 2 2 40118 22 244807 
2329558 235 106392595 125032378 983224 340 
125382675 49824600 338309038 0 3 511 
1821 276 21216 9 10364145 334729629 
207459 1074261 931 44414650 178 25444 
20606144 3868001 1 2723818 177398 86655307 
19755 16 32470877 590906394 1 1831189 
54 197 13583 6285 37656298 761499 
2836856 379262 8 909 66337992 20486074 
5743141 102112 6988181 11650 1 2916259 
70 58 2 4069934 1 112 
2 12 205949 214652 6 4296 
24921325 368873 266618305 4045321 18960 715828 
5243 4952 30014 19 0 8549699 
1 823 185835 7019082 684 91375 
45199 2674748 1063362 258544 3839 184252 
13022700 1414 2275202 12116 216 167006880 
646973 991213 16132690 290984 375846 2 
49 1 24234990 2666677 105138881 470 
1167 15508258 1433 89964 908358 652260 
33456602 3 24317 2 91 865 
543063673 447299692 82 11254143 2 1359347 
0 121 27155 27 5310 5 
871956 51139 622 1564618 85 64173056 
3 1646712 49641154 1705646 1908 0 
73 28944 73 73530560 15800 56825869 
10 103 2529740 76799756 252 524991 
247115312 1026952 2458576 3 599167 18915 
710 238024658 236 29151 106167487 22892 
1 1151575 43675481 38706223 85 1746 
488045 11757234 157 803 1 363 
9 171846151 1016754884 2244 3062344 23 
36 7799933 28 8 14895 33674798 
0 552497892 9997295 220 1 1822 
8 8 130775 1 943046196 4177 
835336627 295179115 1036 4 1559050 6 
983 90044 27814 7 8459817 20330 
167249 80662 2737035 1288294 2475 83919 
213360 144088413 367913737 219404 35204 9 
4152 1 31 50 4825 1451560870 
16 31 1491 19 4 16 
1906334 23822 57 7596 47 2815 
44 755409645 22560685 1971 29470 183665280 
17826561 4860524 33247 1 10018458 3068 
17 62 712 2009730 1 1368041 
712424891 10529661 2510177 1272 1002 506817894 
32 9010 4 1 2127 87148971 
774447039 25758714 672109 46 35440303 29334032 
11546765 62 53261 1466 63806 25 
258551 1177 185831 226449374 81 166648179 
2193111 991 755438894 287420163 901727727 1755 
36005 134550906 125986 11412 92389 106 
1224 125147 19442 17058 333509216 2417 
473478 288 202931 39 36754135 6233922 
13194406 130006 374531904 4 322906370 70606755 
0 22 10 102 21244 4575197 
8121158 105 2 725080 10 3 
197538 123 3097112 184046086 22653565 27 
44342933 84545 1 1437723 195574000 753528 
14330427 673272103 19 32081848 90828940 24474 
1 15475191 49 2 3 66922 
12 17050716 52038845 6234491 15635 1937 
39 62054332 772 114490133 4 48 
88 63895826 4 167045 44980 51 
126274835 6193354 7820 348716 151070 242973355 
132631358 671027 18897 72 289766 21676 
1 7250222 378 561391958 2271217 25035011 
170761 115857 382535066 1186 20681 58847 
8 172203 633929567 1 12591 27131133 
138255857 82 95749 164 560858796 86683937 
5 657 2223 387091 314428455 1405234 
19861 726796785 4 178310 407617281 621834163 
1577766 147264478 947244 68 106382159 29 
182887606 1 290 1018 80 5305 
21687994 47078788 317432109 328 40330 3533 
97091 30787 119 163 11835175 20741537 
37708783 82581 1205172542 2 38657271 99444 
2 757 0 18082 4421 49093139 
2742 22158 21936 324572 3 21977411 
375 73787 4 39822 1 0 
10 41 5 330 2510778 1152212 
2826175 71216 1481702 7891 15740736 41628482 
679 14296492 1 1091 7 33079850 
1559 56 963612 0 1033395739 2215273 
366 2747 60630 9981 127807079 615985 
8606533 181 319570635 53 5 40 
286147179 56393 165 1 80 1009651 
27130 148952129 1 140 3731675 139585 
712045 174295 99457 127095175 145746989 21 
35764010 54 172240086 13126 745 261 
9895366 192930759 16198151 14 13391 5960 
4750043 52915032 350052165 37286 27398 38 
158 254153953 858343 172858 22354 1676714 
9699 97268738 0 51445 134231 94 
121658 3 1 3490 1 78641 
2362 8706 422086107 107799 6332065 683415250 
1 179 6322 179461 227763693 14688 
2794029 17640 7558 22 93 2378778 
11626907 5200476 4988 1720 21 759391968 
416 27669605 22512 184 149324492 680 
21593 603451554 786190 32 4 99 
334503839 8876599 18795679 1 4965211 140090 
18817 24 15294142 52336877 46649931 9971627 
4 4 11 5610 22426217 1 
6174 256614 494204 1 24858 8201582 
1434 139021 1776482 78337 19 862 
12173 444 1080068 2486652 42700 5 
4466800 120 5737701 1148 20 2071 
3 18945886 6098040 83107 168926 150183321 
10936 478739 2221156 112202 41156202 69534932 
2486 4959 245 3 9672436 978 
891 1860 902045 387448 91836854 63908858 
2579 6882751 368 38746 846 231 
1 1 2389 1500780 16 1929 
5 3870357 23 2 365849 259 
328960 153 3711484 16189 350748 136897125 
19405 397751535 5 81862 191154 5 
93 450213549 57042684 627 1783 417781 
1 11760557 231 27 305976 35391 
14 0 11 124330 23 68209 
675755 5531 88 1498484105 1145871 1022877 
15052 91423907 370654916 7897685 115841250 601095840 
926239504 13477953 1059065701 548 621 19182670 
1443900 138 1 12 600 26929237 
1418 27 9 94 11669185 43 
70118368 1429 140442 217344506 34892608 700192395 
1723 2 1618 42076 132138437 319 
377949950 132905764 33902974 20 39 22533412 
6791029 23 135983452 592632 4771 22670 
2670 111480 0 38728 4426302 1684008 
5670 1996 1170093502 28362 36077744 52706 
35912 0 418939095 70541454 779398 79174 
693 5347075 104 21 1 29930 
61 2 11 21901927 1397 4 
484 370 289 22 72624 9638 
571469875 4706 20262072 3 681070113 3092522 
1823 2120088 1 1 2521 94 
3 26934935 1610 6960 160580 17 
210007898 249 915274496 142321154 10186152 76 
339 42074 8079195 4 475 49 
145913639 417188 1 0 615837014 771 
2863 19 6 2819 2 1183721 
40064234 7287 4209424 1430280 124892 1036581 
2918 122 2 81322 163 11 
176 89904 81 2064518 119190577 4842 
31742 40 20 1 4 0 
216 4 13403184 93732 896659 533 
1483 257 1480 153026981 118991 12047 
199 125 253081446 4 87 175027029 
628959009 499310151 22956 1774 411210 527339281 
35590631 754 43676 17 20 1274 
373 3335 4032607 552057 68137 623485299 
5635 1173438 1711 2713 90450 3105571 
1298590 579059 231304 188 15 726977188 
18 3035063 59354302 11 391870583 46377570 
15 1360871 6121689 5 9945 47 
1990899 41 11 660 12 7 
2343906 1 5 6325910 35054 80 
20 1036 23183483 7632 71 7 
38 15 716267176 474 1469380 22 
394176407 47 247 96491 3437002 16689848 
452 362157549 166326102 1 61304245 145365623 
706523 5896240 3 19862617 1738026 9 
76 91486929 245356800 393 180549109 128 
45 22074146 203510 3065 1451040246 664994434 
267409 1041793 1 749500874 44 4631479 
222615 31539 0 1329765 282 5 
2 50258 97190372 7928 3 200483526 
1 3 116643 315860 150250 1217 
2 1228458307 167531 909262636 0 243785657 
258515229 0 3 16347 171 36 
4 1741087 722104 163 1425 927 
26 452 2500809 8334 771 66813902 
64 264230306 14 369802 1055242115 7787 
1637 1216 42072 783898253 23715071 22 
311194235 2037393 232125142 2965 400496631 1 
2181716 410171359 2453188 0 68669 1 
4177750 35 874817 38554 843825 1 
1159691 9427 463101284 1067293351 182 214719 
267144620 61243 20 151 147629058 384638176 
9471 145198 19599 7658400 4729 34 
0 1909 10 1219 462581 702559151 
51411496 10384 47017 1991 8544 0 
1291 523694 2542444 755701 5771 75866073 
407869672 706949698 239 76135 14017358 359 
3 95844 16939 4 8 47148007 
6083 4608 733 5466 2 1470 
932933 93510895 903503882 0 79 377435 
730162 401149254 4687 2688 21 17 
488 151423049 2860732 145 29051 8517333 
91185309 867 3731 35831268 20 39 
81929650 1033091 11640 5 959795 140459099 
664069 185 1738738 41697 315592 275902 
115 2 32996 3420783 19 777 
55508314 550922 1314477657 3137637 15563 51803 
68 41 1 603 3035365 71884594 
500952912 21451 1336 566 11015595 433480 
5351 181970507 348 1379 2 1 
150625149 199116493 2 75254119 3199721 10 
2568 9232475 246614907 205953959 2 3931110 
108 1 18 42603 9684 2 
2 247932945 401393 153051006 4 69107952 
697924 615 898555527 168 33603713 3 
146436171 10468682 1 1121218 1 3438 
3 257648016 2070 318115830 598 127273 
1245 411697087 122974841 174515 18 9529273 
47188 6 1876269 21185 41 1 
2416659 1803 4 1327706 4750 17637 
516294946 18405 853965 24935 125 20 
981315383 47941059 24398142 10657657 378491962 0 
463288 10295 126215 208621807 238127 1 
623 38711 31073 19340 39069 4953 
751 23190279 10878 60163508 3662633 12366817 
0 45692 8576 9374741 5 125 
22295 5839018 141 1513061266 47585 124 
6915 294 3744 3535 1378889199 1385 
200260 4 2661 14262 1307948365 907 
16 1215496 572117 3681 35295 5311 
9105092 1280 2 32882675 72676 176524297 
1 1214 90 2073 3 118189 
57 48 535020 1254 4 40530 
91581 5744553 4 1011 651 6112 
34119218 49478 74857901 1 40 1506727 
5 697724539 158 72 1210 431393 
143 2 1482061935 6009 218435 940331 
1505 43 13079 745 4013949 22 
1 2 2126389 10831540 76984 0 
346 216742 66 15789 1020883606 229 
1254228 69 550838832 39836 32 831 
471162898 120 5 1949 1913145 20595 
2572426 465 7 2176 9430052 361183348 
1238 3921782 308255396 19976184 176180 55163 
23 51 1116985153 1552489 128 40 
354649282 904784 91487 4 170 9 
1235811 695 2 184903745 508 3366209 
687 443 3669267 588966274 267124533 0 
27463 35 8793617 181328 1324260 0 
20484738 1260703304 140827 6265 6 27747895 
4909 1373126883 190897 7725 95955 3742405 
1309548 40147 9 14330 10 1350899 
114036 1 0 313895 337659 20435059 
1507 670403069 40811 19533793 170594259 0 
265149791 29235 44098498 249079 0 46343 
195 242221757 2672 1 12 65825 
9087 58255 45894821 138 0 14890122 
7011 83716460 2920347 29130 6537229 5 
35746 1471308 22217542 180 9250 55459164 
1416252218 412807 1045 213970 101068 160 
19575199 397252885 4496712 78775894 0 22 
2371618 25136374 1 1172144 19716401 192923 
272 2400779 37 33109933 37470 572506 
1 2001874 454 945 265 2071 
27242 139 624682 237 396610 250530688 
363571870 129 84765 2231 40 125 
2 11 3105599 12290 252 22569937 
127 5128 396 3 1297304 43 
188 5933 1 35719043 869945 3003 
10814 14 17369443 36874178 6 1482427 
97118 219332 588 369 17 18 
5 544130061 4 12 76400054 21 
326610 45061597 21 5218 57982 559982714 
1606851014 1 0 9990505 12131 9 
244 28 56 2728 121 92 
181579793 5104393 42 0 482620008 11032036 
340 22158 638911395 15 4556038 1235301538 
0 129 63530658 244666 10 3747 
170546 22987 2 30 59412261 13 
86928177 77989 5189 11044 6489412 26145612 
401258367 1 522841 200031793 484661 118 
74 55 726 83 595 303756945 
368184 51451 30 126168 11477 1311 
178 51 1 321 348961403 8389306 
1798 1222 1769 114249612 71 346448425 
393884676 42 47 2141 9 714487247 
8464 19994 339846200 5492 39682111 167138374 
3715 5775 1 2064 99921 15 
2879895 9359 51194292 0 1 230678578 
5282 2677 572066 625 22022142 0 
323 82 1366 5 176210470 696161 
0 0 649919214 8582 980341 0 
0 174379 10151 70 83681 21197906 
1155189240 760417 733 48931812 850000 8006272 
71 1443 20310 9 24871683 191 
7760 1731777 288290 6 809151 82212 
227062515 11 6190852 131877 3 32862 
1346256 9 2175338 421 10009944 3 
0 2362 5 104 834503949 41564 
72271163 32666 3487770 280817715 4009102 689715 
1 354095 1033171 1 99 27287546 
270408 5373 1 44283 5400670 142228 
475 1024 24146 362 342986 85490 
3374595 8686 4926 22517066 276467 3505 
613 120865663 5332 21576055 197 10 
419 360178078 5105894 299 26157 1179349961 
298785 2275 9618 1915 401403 83 
1 5933 10100763 19420 1101790148 156485462 
21 1553305 1 39148418 244159128 4169835 
267021256 435221 693911 2101 1432907146 62 
655 46 3522 3999 17 45654965 
2207959 669255066 3110414 17844 15680436 4 
1 56047088 120 387 9376161 41123 
30 311 65 735623 1350 3690 
1 22167 6617 56546 511758 464163760 
103925027 174 4724 17881057 161691919 145483608 
2936 987 3004377 7906 934335402 29 
157540 20751 157 296850 149195423 313 
1304111 14392 11 5470 180 5 
1 5359 68 13 3752886 143692 
32 680788541 2528 40 1431602 416123 
466858 123439207 27038 380407008 7652867 25665236 
0 214 15969037 87878 49903065 17490 
239773496 18537 6720899 276799 97 11226479 
13394 929158744 13677775 229627 340569526 372875 
452216942 4 72 385804166 1066143 2574541 
41 4107729 46977 212203 254 72772 
80248 58516359 5606619 38 631084 60881 
1382859406 90833743 159501042 6 158 135737 
56431600 6326142 2499 296286978 987541557 24 
557566276 4870 1236 41 53 2801 
30 263388 80875836 31 1 12220917 
113667 340 77878751 77 298328 1 
1609633175 59 96 44444724 142914 16 
1558026 353592031 749 22288 5 3 
1 391 187186526 11332 97 79566363 
10 5 350 2 22389 340 
2694 8338 1 40 1599495340 8191 
168724 10 67189 18105987 10680109 365 
126139 899226533 313 499560 23235 48734 
183672602 1 4124221 22 191 380 
2 15320944 8 44 29 22 
1 21799053 7583611 4754188 1 28082 
22 78 24932 449985594 175706 0 
42234029 28856 4023844 5 0 362 
2 34931160 8283723 8 71356 106830572 
132406 1257557 1378179 7 8248763 8 
1046410551 107 1 16 239315 226449 
36623 13 21 2 4966099 75854124 
22 54644 47661396 13381 214 341012511 
460 1501876 380 3 228 251127 
1 350665521 1304 34 139100908 2 
25 608800540 1 326117 1 389901 
18 26017 0 30603384 30252032 1679819 
1063872468 199213550 113879986 0 32 67148 
651 24 6785 150947 84708 24009 
20310084 19242 54730425 496203 3 295329 
340890758 1 1917025 1109754 2 44 
187326 2887929 0 122396 2 2 
1281 4252 133845033 40 17617 687 
7283366 2 76 18 4062 4986 
252683 74708279 0 2 174429782 32285 
200 1343 7558688 146 4215762 7 
1364993 83974315 2751092 6 438828 133 
414 328 377546594 6251 12304 14 
324399 5 23555 886953524 11660 729419104 
254 19275 93125 131493 79 3144544 
8890991 1269815 1491 12612 307 4035 
2814 50 6 25262 10 42508 
14236341 2320881 1004 10 44056 353373835 
502 1065716197 97202527 0 22 184862 
13 4548197 1151 5381 15755726 1 
11736 16610780 2660781 224 1217813 18386 
8805 155 0 445107 7 74 
188454 1830 4 6 177305 5763860 
57 62680171 18 1371 95 151371808 
439293116 68 348419899 1477 1098 10464605 
1 1252562 7670 158 42840287 117739 
6672 80298 7899 22 1118 75 
1 12284 163610 77664033 3727 5245 
7675492 183527 24 90 40 608515972 
208 24 192078312 11 96975 8669718 
76 79745 46753 8648942 2612541 9 
25064 1632617 2799290 2693 201087 16260 
5 95352 3 632373653 3945193 2 
40007962 726 1707 1145056006 133247212 1330162 
39613378 190 107477 11064 2794 5444920 
550434931 14430 1216 8 74650848 35859 
456210 255474577 2268 59 2 1944 
1005 97060057 49 18676228 7969258 57 
2509 2827814 177384613 84395642 5350 9 
342473533 49 12 73508 587399821 32 
5415 31359 9050970 1 33 80258620 
5 79880 141 1408 58035 4796894 
5 152 416867489 5035 12 2140 
2821114 5435 3 14101294 238564 60633274 
808464440 0 827092 11235061 8788 2328743 
15276607 1488 111203710 7821 24 6 
449092 317 2368552 67318 19876276 1969 
386138 164484 78304110 44 893 120734 
43419 7520 358454329 226155776 55 736 
5 163 449816432 233365 56 373306112 
2959387 1596499653 386334118 1475652 4573 4356741 
135442 14909 13714 16284 1281 927806 
1029939148 1 274012773 5 12 70220075 
47 417137247 13212 133 10714 484967961 
2527317 511104 127657 1901 1 67 
37 93953912 958465285 71 4725 241788 
5243 6898 21814337 5293070 4 1538250 
1876 46 78147 2541244 3787147 13879 
