2 2.0830390968653301184999870887537554153823293745517730712890625000000000000000000000000000000000000000e-04 
3 6.4437043930747424316406250000000000000000000000000000000000000000000000000000000000000000000000000000e+11 
2 2.2415964935067813974436357583090738762054258068133271747531830399988988796773970291225070297430003313e-37 
1 8.2265489708204232781421850276601062266115273620300945466177444139265165631257736637871484147003836544e+170 
0 8.4290234845232895011520620287775715570944037559540487859680903004146634935173627510784000000000000000e+85 
11 6.1904437336529490494285710155963897705078125000000000000000000000000000000000000000000000000000000000e+03 
38 2.7068639371237631887197494506835937500000000000000000000000000000000000000000000000000000000000000000e+07 
2 1.7017778783840612968085025284181463779676311831590140855041681788861751556396484375000000000000000000e-13 
5 7.6459382446595864905839109705126778113171148731908033369109034538269042968750000000000000000000000000e-13 
15 2.7400158726743922832369548814313020557165145874023437500000000000000000000000000000000000000000000000e-01 
1 6.0279647305961625859491582590105052119611173111479729413986206054687500000000000000000000000000000000e-08 
2 4.3110084817075935081313181607143292239925358444452285766601562500000000000000000000000000000000000000e-05 
15 6.7815490325741416199889499694108963012695312500000000000000000000000000000000000000000000000000000000e+02 
11 6.1301990285551469310579330088128990894347225548699498176574707031250000000000000000000000000000000000e-07 
304 4.0946748857119757758482592180371284484863281250000000000000000000000000000000000000000000000000000000e+01 
18 4.4853194748648135714574891608208417892456054687500000000000000000000000000000000000000000000000000000e+01 
1 2.0496510675892201409994328990249595946478927315370882260617707895624194081920661276691893244404864469e-224 
2 1.8968774171046365052461624145507812500000000000000000000000000000000000000000000000000000000000000000e+07 
10 2.0724805523586292266845703125000000000000000000000000000000000000000000000000000000000000000000000000e+09 
35 1.0457858572384159197099506855010986328125000000000000000000000000000000000000000000000000000000000000e+05 
8 8.9182913121959567070007324218750000000000000000000000000000000000000000000000000000000000000000000000e+05 
1 6.6921548208845203035575030925956797202350108735081891392937100858840291552027358468748777052993940303e-296 
3 6.7543137717835196978034856743163097706643150214516745782900031258577655535191297531127929687500000000e-18 
2 1.7561483532698307503567035899331060407818334150935255435728529162499010452522759798334108988938446074e-145 
5 7.2918067168703950000000000000000000000000000000000000000000000000000000000000000000000000000000000000e+15 
3 2.3095598197094633434831810331401006159438536623224229820185925745026576173992165005792822664310026681e-34 
47 3.8037378977429875703819561749696731567382812500000000000000000000000000000000000000000000000000000000e+02 
52 2.3903317607093207183138749982731496857013553380966186523437500000000000000000000000000000000000000000e-04 
5 2.0909026650979204000000000000000000000000000000000000000000000000000000000000000000000000000000000000e+16 
1 1.1663712988282521380961137868869073368692668977527936743801852354009533032701174104832337345622736226e+308 
61 1.2853012509053542089532129466533660888671875000000000000000000000000000000000000000000000000000000000e+03 
1 1.6974711535189452173566930983764751624195271653665877627812405711706746907926057674446157831376151504e-308 
7 1.1264177639916652151040101783544683522464424640929792076349258422851562500000000000000000000000000000e-08 
1 1.0754283137040433009036315106004256019937877656642720718666806833533429716068540175335347645212262400e+98 
1 2.4481891957810518467274584321979493103253248975928673831290662639031826104793700077480782919096337925e-164 
39 4.2175160329571007378356866691915261213807752938009798526763916015625000000000000000000000000000000000e-07 
3 2.2533778850848361849784851074218750000000000000000000000000000000000000000000000000000000000000000000e+07 
0 6.3759884370323397219181060791015625000000000000000000000000000000000000000000000000000000000000000000e+07 
3 8.1781616382042902350295397045920609002678247634321451187133789062500000000000000000000000000000000000e-08 
1 1.1296069418986937031149864196777343750000000000000000000000000000000000000000000000000000000000000000e+07 
0 4.8004124100506988621333542392499335213069963032578472976536992453685607990190458505170246942091869399e-309 
1 5.0991529372951247823977732725769179724663086795692051247423939487284412472092537695688662558078488351e-176 
1 1.0276726254432842324604280292987823486328125000000000000000000000000000000000000000000000000000000000e+03 
1 1.2114616873804633102064707059705699915268239294813629059817669069364720482509399095567904507559298225e+290 
6 4.0925635629969649016857147216796875000000000000000000000000000000000000000000000000000000000000000000e+06 
1 2.3631510855824339301380359177641198534456382009739359464227182363323080672863421878199586297989145321e-170 
19 1.4970812297778906455578876461557291319137696916641289135441184043884277343750000000000000000000000000e-10 
12 2.7648347489487835881849520092146121896803379058837890625000000000000000000000000000000000000000000000e-02 
5 1.0446447374041046548377382878602637370892532626384581757663812423529469013558670008928284910113064818e-44 
0 1.0038245738269866379622564015130764327055359814660314472408346238545932138220083203215254188378596618e+128 
1 3.4925151679596185684204101562500000000000000000000000000000000000000000000000000000000000000000000000e+09 
5 2.4957689915269412994384765625000000000000000000000000000000000000000000000000000000000000000000000000e+09 
2 7.2187222351645613089203834533691406250000000000000000000000000000000000000000000000000000000000000000e+06 
5 3.5294987194428212500000000000000000000000000000000000000000000000000000000000000000000000000000000000e+14 
7 4.0146472405529600381851196289062500000000000000000000000000000000000000000000000000000000000000000000e+08 
1 4.5075886916276849428822963786603110131869171731933254818542012446301660993856654415828201170029397751e-190 
1 1.0420698898894882295280694961547851562500000000000000000000000000000000000000000000000000000000000000e+06 
1 2.1789620665085777118684972851594744067127429332231258740648627281188964843750000000000000000000000000e-10 
0 3.6140252535771407186985015869140625000000000000000000000000000000000000000000000000000000000000000000e+07 
1 1.1460070981143535086320753291211360647139372304081916809082031250000000000000000000000000000000000000e-05 
8 5.0881607604326830917347717722653589744741253753090859390795230865478515625000000000000000000000000000e-10 
2 7.6831237123252766872440036783785052842965512809314532205462455749511718750000000000000000000000000000e-10 
2 1.6507272064536082325503230094909667968750000000000000000000000000000000000000000000000000000000000000e+04 
14 4.7632383157980924844741821289062500000000000000000000000000000000000000000000000000000000000000000000e+08 
25 2.4849157433012147855322382383747026324272155761718750000000000000000000000000000000000000000000000000e+00 
1 2.9297688402368155836941188141508973785676062107086181640625000000000000000000000000000000000000000000e-03 
1 3.9099919343904258728027343750000000000000000000000000000000000000000000000000000000000000000000000000e+10 
1 1.4108049731547413449509669523660807700161029659135453375013852585012166487612382068454147431259462410e-120 
4 1.6368495046211206914745644398958403674181972045631461298853537300601601600646972656250000000000000000e-14 
14 1.6876349863019651412963867187500000000000000000000000000000000000000000000000000000000000000000000000e+10 
1 2.2366890271602542782115918624805685765045423606180643702204495300909967624419791240914499042638952089e-93 
42 1.1991079442135688992721043177880346775054931640625000000000000000000000000000000000000000000000000000e+01 
183 1.0123726548598737053907825611531734466552734375000000000000000000000000000000000000000000000000000000e+03 
1 8.6599709679689007009191362393466702957017441468236040878486824442667464651635800757058402468765476859e-135 
13 7.0211325871038260393319774266274180263280868530273437500000000000000000000000000000000000000000000000e-02 
1261 4.6435519358308698656401247717440128326416015625000000000000000000000000000000000000000000000000000000e+02 
53 4.1452098085056981071829795837402343750000000000000000000000000000000000000000000000000000000000000000e+06 
1 1.9233496920473187760626185283108213752711890265345573425292968750000000000000000000000000000000000000e-05 
4 2.3147301397242556891820086661937239114195108413696289062500000000000000000000000000000000000000000000e-02 
8 1.0256191263196998400000000000000000000000000000000000000000000000000000000000000000000000000000000000e+18 
115 2.0248250531358132775494595989584922790527343750000000000000000000000000000000000000000000000000000000e+02 
1 4.2026771499620777949167559086557688047069962186958387591196565970526525709430785564330554488952358673e-139 
1 3.6398851678814199347354676709682998196078441987516248515862504326426276167184317189675207906481407356e-54 
2 1.0752045057611956596374511718750000000000000000000000000000000000000000000000000000000000000000000000e+09 
7 1.6966265256384547299717269197572022676467895507812500000000000000000000000000000000000000000000000000e+00 
2 1.7839949185670545557513833045959472656250000000000000000000000000000000000000000000000000000000000000e+05 
1 2.3232408185851538181304931640625000000000000000000000000000000000000000000000000000000000000000000000e+08 
36 1.4227078650258915149606764316558837890625000000000000000000000000000000000000000000000000000000000000e+05 
30 3.4088613472909179336056695319712162017822265625000000000000000000000000000000000000000000000000000000e+02 
1 6.0076470616230756044387817382812500000000000000000000000000000000000000000000000000000000000000000000e+07 
11 2.9212775061292889366981739840412046760320663452148437500000000000000000000000000000000000000000000000e-01 
1 2.7033083019570205360651016235351562500000000000000000000000000000000000000000000000000000000000000000e+06 
7 9.8532364519051313865245233020600240595095917647093920860178258117699338393402630487116766744293272495e-27 
1 4.3654691365387080890977402842993440857638359064033710104132652661535715096103779481696061802751842313e+111 
0 4.4274022876735755377379987924740570693653216703989419086989479511624287903623446716016017206817722577e-293 
65 5.8049433816490902948714847298106178641319274902343750000000000000000000000000000000000000000000000000e-01 
2 3.1228124986855027100474211515512834580476919654756784439086914062500000000000000000000000000000000000e-06 
2 1.0802708563762899459477148655928147036320297047495841979980468750000000000000000000000000000000000000e-06 
1 2.6214417543080346512261120000000000000000000000000000000000000000000000000000000000000000000000000000e+24 
2 3.1492276021400067952116241798421469866298139095306396484375000000000000000000000000000000000000000000e-03 
15 1.7744500169816980646164683577126197633333504199981689453125000000000000000000000000000000000000000000e-03 
3 3.0603630730969255091622471809387207031250000000000000000000000000000000000000000000000000000000000000e+05 
5 1.3948612088298605957031250000000000000000000000000000000000000000000000000000000000000000000000000000e+12 
1 9.4030098457438759505748748779296875000000000000000000000000000000000000000000000000000000000000000000e+06 
2 1.1104033803267580351349471442452243672852389082720868708266436959894129770409028266934683496080668249e-138 
491 9.2856357595413243188886553980410099029541015625000000000000000000000000000000000000000000000000000000e+01 
1 9.5750011080623110298250043049904448203296637865591447139388527920193491813325952245585347528138774000e-204 
2 5.1159444393184820134101135164658261221692783904659050614607370444484513364865197460278746819450107854e-152 
250 1.3528965627613133619888685643672943115234375000000000000000000000000000000000000000000000000000000000e+03 
0 6.2870073644351653907591526149190030992031097412109375000000000000000000000000000000000000000000000000e-02 
1 7.2252366299239256463022460896691226474557809664316951050070402937267238145289298232229916401337490601e-134 
1 5.3993588093181665854558559658471494913101196289062500000000000000000000000000000000000000000000000000e-02 
19 2.4994548688778102397918701171875000000000000000000000000000000000000000000000000000000000000000000000e+07 
1 9.5001032666216770288206522534328244941943982531949755885492230512829205409152053049906705215185026638e+244 
6 7.0725581242697434499859809875488281250000000000000000000000000000000000000000000000000000000000000000e+06 
6 8.5115576589883968699723482131958007812500000000000000000000000000000000000000000000000000000000000000e+05 
2 2.0953535567869305820048874734312307778473659984029203616681578533906854574824410316800000000000000000e+83 
4 2.1707600242128641254701904017565539106726646423339843750000000000000000000000000000000000000000000000e-01 
1 2.5136811843287988130088970566818596887616841074624853063676242630320841593619788715038679248817670656e-44 
1 1.7108628779707615006917126310170829128765035420656204223632812500000000000000000000000000000000000000e-06 
2 2.9239069457550340890884399414062500000000000000000000000000000000000000000000000000000000000000000000e+08 
1 5.7857964987890617370605468750000000000000000000000000000000000000000000000000000000000000000000000000e+10 
11 2.1215759693673467706965172525703801874319420761594301438890397548675537109375000000000000000000000000e-12 
11 1.3022276953099242034729323831788744381653539746238057439597923803376033902168273925781250000000000000e-15 
8 9.9086436825008368832706049900704243324330809586889055249024595480062334694619472777101794975715409741e-36 
2 4.0430606064239878865072870662142114543836340561867218580149400192963271826003485401381783829649623497e+110 
16 2.2412958461657511070370674133300781250000000000000000000000000000000000000000000000000000000000000000e+06 
0 1.9976667528808296610123844398883546230605290361381776165217161178588867187500000000000000000000000000e-10 
0 7.7834330554356943933371359361711402096853025071251862571570292029591631815951845654732984904709410800e-250 
1 1.7092771663389775753021240234375000000000000000000000000000000000000000000000000000000000000000000000e+09 
21 2.8430952093709631250000000000000000000000000000000000000000000000000000000000000000000000000000000000e+14 
4 1.9071705623278790634388663192027883705033339810561205882765942354619589627285983006712497253684714313e-68 
20 7.5289990683611568493390033105971059172040193985253608843777328729629516601562500000000000000000000000e-12 
24 6.0074617774518546120532391796587035059928894042968750000000000000000000000000000000000000000000000000e-01 
6 4.8073126728482875089252777993362614972957880894713785908685419764226607643176070183699266635812819004e-27 
1 3.4029532374238488010902745233404384736931060987883139971087492682289688281560202443459379852981197065e+228 
10 8.0755241424896694583555542545916239305370254442095756530761718750000000000000000000000000000000000000e-06 
1 2.6207104192011827286211907362639299351810591498241611705910818215434133067990485138797633774068389397e-228 
13 3.5322574653823263354443517947345299035077914595603942871093750000000000000000000000000000000000000000e-04 
2 1.7966088334725950949045892497362548155537265159864546149037778377532958984375000000000000000000000000e-11 
10 1.3908522238133871340437508479226380586624145507812500000000000000000000000000000000000000000000000000e+01 
1 1.3531934291569974170106058826166518138022778161250494347421243865376659836764400867651183505540390743e+308 
2 2.3080034675315338373184204101562500000000000000000000000000000000000000000000000000000000000000000000e+08 
2 7.1671652988082136733541148931489308182279478847797072855080684748800000000000000000000000000000000000e+66 
4 5.7575736961349659717061589167837468202549616057960266142493952680017264640000000000000000000000000000e+72 
1 2.4631635251632422598964427933134354940308650333604058853043746288414026123597761395471460929860234628e+117 
51 4.5495910719577450660039419361169166222680360078811645507812500000000000000000000000000000000000000000e-04 
4 5.1581344270048508030967072263139883148141962010413408279418945312500000000000000000000000000000000000e-07 
34 7.6716492864714318420737981796264648437500000000000000000000000000000000000000000000000000000000000000e+05 
4 9.4012308870578198861062138091889165900094660344166186405345797538757324218750000000000000000000000000e-11 
10 6.0603175692329766608822810836088024188939016312360763549804687500000000000000000000000000000000000000e-05 
141 5.8350319330478662038785842014476656913757324218750000000000000000000000000000000000000000000000000000e+01 
34 4.6717298033069072638046037582171265967190265655517578125000000000000000000000000000000000000000000000e-02 
20 8.8152761528418708074360075690480663401782379651194787584245204925537109375000000000000000000000000000e-10 
1 4.9132464648955289294138156389460305835825615409807227175369595531825493178949445531800073808669551806e+260 
1 2.0092234002298576494050479240671308929469168391398080674994379007216173140281218644169027315519364766e+234 
1 7.5569500690456963776561693861181453439009599529150352320614487828612068089383141833262651502171783128e-200 
1 1.9593178762909762014032821753062307834625244140625000000000000000000000000000000000000000000000000000e+01 
0 3.8811888124039512634277343750000000000000000000000000000000000000000000000000000000000000000000000000e+10 
36 6.5305249227169941406145881046541035175323486328125000000000000000000000000000000000000000000000000000e+00 
8 3.1230840538073488232839736156165599822998046875000000000000000000000000000000000000000000000000000000e+02 
1 1.4378044308132078647613525390625000000000000000000000000000000000000000000000000000000000000000000000e+09 
7 2.8638332065861788024380277755854874549944320000000000000000000000000000000000000000000000000000000000e+42 
1 4.7008287589051678703438427808933177007511751331052563677930578483105793956494909493109116108800000000e+92 
3 2.4841995134073715512101898639230057597160339355468750000000000000000000000000000000000000000000000000e+00 
2 1.5877036665830122181161403352740370841600000000000000000000000000000000000000000000000000000000000000e+38 
64 3.1119639973427523638171976472222013399004936218261718750000000000000000000000000000000000000000000000e-02 
1 1.3678792312718876727050240000000000000000000000000000000000000000000000000000000000000000000000000000e+25 
4 7.6158992566378058697296182799618691205978393554687500000000000000000000000000000000000000000000000000e+00 
1 3.0616930422713537700474262237548828125000000000000000000000000000000000000000000000000000000000000000e+05 
1 3.3845762190140908599898117673556714688237541110716453227517756574107177530508768776325703770176341574e-122 
15 4.4002151738841792000000000000000000000000000000000000000000000000000000000000000000000000000000000000e+17 
16 4.1373109110052325165796105466142762452363967895507812500000000000000000000000000000000000000000000000e-01 
11 1.2492978443485147727187722921371459960937500000000000000000000000000000000000000000000000000000000000e+05 
36 1.1482265310227477428384190716315060853958129882812500000000000000000000000000000000000000000000000000e+01 
70 1.4690349831563982297666370868682861328125000000000000000000000000000000000000000000000000000000000000e+05 
0 6.8407203135108757274807089743262622505426406860351562500000000000000000000000000000000000000000000000e-02 
0 6.6183964922728308010846376419067382812500000000000000000000000000000000000000000000000000000000000000e+05 
1 1.1352825100040048096763185478397240046888327924534678459167480468750000000000000000000000000000000000e-07 
108 8.1665338796648329662275500595569610595703125000000000000000000000000000000000000000000000000000000000e+03 
1 2.1083564257777672014544985966953459009419944276681902255897375900489359972632443860043795106898673900e-93 
1 3.1834668315433885902166366577148437500000000000000000000000000000000000000000000000000000000000000000e+07 
1 1.7768559038986472811682793630036910179327035199579348895417861214290930086650708413682664603022711157e+249 
1 6.3564210151612952207078380615033971618799884675584426017375705995026482048004614389863343496069212094e+146 
3 7.6271606104663851542187695836690070790909024262910308152544848714647026646500705653449697316044800000e+95 
0 4.2306450314567121981082656490719780997984897823988494404321957762629867972640804499569336142281786492e-147 
7 3.5659201430040044634112000000000000000000000000000000000000000000000000000000000000000000000000000000e+22 
37 1.3101959657622489277550847930342570180073380470275878906250000000000000000000000000000000000000000000e-03 
21 2.5514916104485322989603446330875158309936523437500000000000000000000000000000000000000000000000000000e+02 
11 2.3391464501658236763148579484550282359123229980468750000000000000000000000000000000000000000000000000e+00 
0 2.7239884779623089951401671005015714399632997810840606689453125000000000000000000000000000000000000000e-05 
2 3.9791051197807019852473409210900554509870996611198279424570500850677490234375000000000000000000000000e-11 
0 4.0096867573696906546577518659606109990377141176549532502115134052191527385395701776834838843071278985e-207 
1 3.3863291674469686576287585921818390488624572753906250000000000000000000000000000000000000000000000000e-01 
3 3.3712115540470835171493696477156660663711784672919184998400000000000000000000000000000000000000000000e+56 
1 1.1666336567000203330077262977096386187270127265946939587593078613281250000000000000000000000000000000e-08 
33 8.2722937264040276408195495605468750000000000000000000000000000000000000000000000000000000000000000000e+07 
8 1.7375245234464513875705105050428755930624902248382568359375000000000000000000000000000000000000000000e-04 
32 2.4116758340545614569538912519419682212173938751220703125000000000000000000000000000000000000000000000e-02 
1 5.9269507878271967589541896543370505099862531915033075193751852981738805781277934249198177736216150770e-47 
15 1.9378226309106952189668708660400046591212874780296715471195057034492492675781250000000000000000000000e-13 
1 5.2835505389434438312754163105242059068167825374749208883136614000963332586521794397853966962051980087e+129 
74 8.0923167909788140672588951929355971515178680419921875000000000000000000000000000000000000000000000000e-01 
37 4.2985368478160168592694390099495649337768554687500000000000000000000000000000000000000000000000000000e+00 
2 8.8787986308513336553005501627922058105468750000000000000000000000000000000000000000000000000000000000e+02 
0 7.4934670537490561099338295918510232419805929353972425699067203575627363806513270273354153261260827967e-38 
2 1.5457428617327446077786732198035434959223652352000000000000000000000000000000000000000000000000000000e+46 
1 4.2303265016045607291154430351642901086961501277983188629150390625000000000000000000000000000000000000e-07 
3 1.0362896957041243566763956971202298440459799167001619935035705566406250000000000000000000000000000000e-08 
76 2.2628963969870377331972122192382812500000000000000000000000000000000000000000000000000000000000000000e+05 
1 1.2333603101231380423996597528457641601562500000000000000000000000000000000000000000000000000000000000e+05 
0 1.5243652985214572552475121982843892327864751078058481106483428312537668418107693377452663655587164721e+107 
0 4.6376704546926848997263084438602646612516460875840824347681450179717512912485640049972679399559183366e-32 
159 1.2533027111750815407731352024711668491363525390625000000000000000000000000000000000000000000000000000e+01 
4 1.1115264839432272392896767940117863976540158420236448222340186475776135921478271484375000000000000000e-14 
1 3.5595806289499074397621601446004746899620682913862215395594888670091331798154493085408334697907749928e-76 
1 1.9777802399991808958791830640404968494546439326214183949511140650876047858303649656944894148425223450e-308 
4 9.8856776396771509525630660639205007922392098862474085763096809387207031250000000000000000000000000000e-11 
3 1.8768901963334707202687729604706490249554917681962251663208007812500000000000000000000000000000000000e-07 
26 9.4115272063780737304687500000000000000000000000000000000000000000000000000000000000000000000000000000e+11 
5 2.0745998575816068649291992187500000000000000000000000000000000000000000000000000000000000000000000000e+09 
11 1.1235653538572836600408855547983399958411609986796975135803222656250000000000000000000000000000000000e-06 
4 6.8746196702599693395541180507279932498931884765625000000000000000000000000000000000000000000000000000e-01 
1 1.1639757097707144784904192000000000000000000000000000000000000000000000000000000000000000000000000000e+26 
1 9.9725105331164686299190187683357249900191184235297500538543842497273347326531811283519612828577980727e+303 
12 5.8625736887147350000000000000000000000000000000000000000000000000000000000000000000000000000000000000e+14 
1 4.7855519118931810762518352930783294141292572021484375000000000000000000000000000000000000000000000000e-01 
0 2.1000114614886281490325927734375000000000000000000000000000000000000000000000000000000000000000000000e+09 
12 3.6805930841735459702057653430529171600937843322753906250000000000000000000000000000000000000000000000e-04 
13 9.5441055513477478027343750000000000000000000000000000000000000000000000000000000000000000000000000000e+09 
12 6.4951714734491884883027523756027221679687500000000000000000000000000000000000000000000000000000000000e+04 
2 1.7747009157346904824337219253038711030967533588409423828125000000000000000000000000000000000000000000e-03 
1 3.3607548692292571468342998741718474775552749633789062500000000000000000000000000000000000000000000000e-01 
4 1.0614591486288638785481452941894531250000000000000000000000000000000000000000000000000000000000000000e+07 
1 2.3282582520079238676922467696368328920297319331298649815396716071443448535825954976504843231088057455e+230 
3 1.5502399326340694496188766445375469210656760513397310720898217167219605832428611284605282305215364218e-74 
20 6.8341781682885528425686061382293701171875000000000000000000000000000000000000000000000000000000000000e+04 
1 3.1596934688588255417181585401712262030892054653513486007112466475315555901095362025451591647568968626e+136 
0 9.1830727979118179788922062103961836672704405256817026485111066236299848242197185754776000976562500000e-20 
5 7.6147884145511367187500000000000000000000000000000000000000000000000000000000000000000000000000000000e+12 
40 4.9822404148213322860883067733084317296743392944335937500000000000000000000000000000000000000000000000e-01 
6 8.8816029125875497425937143299826299902566262289838050492107868194580078125000000000000000000000000000e-11 
1 1.0648512022690512668788437311562233844597358256578445434570312500000000000000000000000000000000000000e-05 
2 2.0743629198498185120915285328813126852764980867505073547363281250000000000000000000000000000000000000e-05 
3 9.9656990162953026449885075638150387411163848301241958400000000000000000000000000000000000000000000000e+53 
2 4.7229718378145365892831359847521603806715442137625862899868962590485115080885572814941686568108131035e-98 
2 2.8577716601072962964401324992280706283054314553737640380859375000000000000000000000000000000000000000e-05 
6 3.2218545093553106043734630840256723607883948545804742025211453437805175781250000000000000000000000000e-11 
0 8.7194923569853274680794600285344867217887364074517111919867612426237038063082633296893883976113418069e-228 
3 2.3611838949822447637592283866793896682910611742229527657566724758437707839666621564330072649213872965e-51 
1 6.6737331621775082084847092664392498306824563769623637199401855468750000000000000000000000000000000000e-07 
10 1.5541814757015377283096313476562500000000000000000000000000000000000000000000000000000000000000000000e+07 
1 6.2739344793102913536131381988525390625000000000000000000000000000000000000000000000000000000000000000e+05 
54 4.9094347605251922839978556689644051402865443378686904907226562500000000000000000000000000000000000000e-05 
9 9.7206216504991598556658131689346170889454157304498949088156223297119140625000000000000000000000000000e-11 
1 1.0450322834420254025644680950790643692016601562500000000000000000000000000000000000000000000000000000e+02 
3 1.1585137496683451097304984149516382530009650508873164653778076171875000000000000000000000000000000000e-07 
0 2.4306203015561108033637577883168558326202191771454266243152565561294674957634632306955500909828918351e-272 
2 2.3493479775773024758635243447457696674973703920841217041015625000000000000000000000000000000000000000e-06 
5 6.7817592364984750747680664062500000000000000000000000000000000000000000000000000000000000000000000000e+06 
11 1.9134837957424005783013647695444945889104403080605010245562880299985408782958984375000000000000000000e-13 
1 6.0315791179132680641192948423068287411297205835580825805664062500000000000000000000000000000000000000e-05 
4 1.8557058549291425151750445365905761718750000000000000000000000000000000000000000000000000000000000000e+05 
1 6.6177461877023123413485094366282370398856806673436790872002403306605191231633308549929134595441163432e+245 
0 1.3181333337466589736578440146377951636543602881067585600738687939100321351445769304513641606568796760e-32 
0 4.4650673907058702205574718391289934515953063964843750000000000000000000000000000000000000000000000000e-01 
1 1.2331687637480197549846964539960014944529503456679206999495919809482755182392737001511868520780677237e-165 
1 2.5370766578833778381347656250000000000000000000000000000000000000000000000000000000000000000000000000e+10 
20 8.9746347315113786970760179319614576951003037663667782908305525779724121093750000000000000000000000000e-11 
19 2.1388674651176779298111796379089355468750000000000000000000000000000000000000000000000000000000000000e+05 
1 6.1084596944570833025981125619381343582763421921500912845089488369322863094505970468164087343732845158e-260 
10 1.7422563915992352810398549611825558258715318515896797180175781250000000000000000000000000000000000000e-07 
7 2.6963579276419357299804687500000000000000000000000000000000000000000000000000000000000000000000000000e+11 
42 6.5600732805104705700621758879265144059900194406509399414062500000000000000000000000000000000000000000e-05 
1 2.3553013865387611961189632816684265564653409010651879806344731402338760804577770926184539794637127041e-173 
5 3.5860626706958045959472656250000000000000000000000000000000000000000000000000000000000000000000000000e+09 
1 2.0620690062431767941575344593729823827743530273437500000000000000000000000000000000000000000000000000e-01 
4 1.2070483449849156972066171501778431007778635830618441104888916015625000000000000000000000000000000000e-07 
23 3.3185929693735717890629346920401861187333025782209006138145923614501953125000000000000000000000000000e-10 
15 9.7207934359608628938076435588300228118896484375000000000000000000000000000000000000000000000000000000e+01 
48 1.7999459095270910765975713729858398437500000000000000000000000000000000000000000000000000000000000000e+06 
10 1.5652007503470647450244390697093876951839774847030639648437500000000000000000000000000000000000000000e-04 
8 1.0804905379847102035965578602488140758097756588540505617856979370117187500000000000000000000000000000e-08 
5 4.7339017187664404673341778106987476348876953125000000000000000000000000000000000000000000000000000000e+02 
44 6.5999216109556449626400743968535067551783868111670017242431640625000000000000000000000000000000000000e-06 
0 7.8828506837819480895996093750000000000000000000000000000000000000000000000000000000000000000000000000e+09 
2 2.1822504157034110585508699347230782304447578094619885666035649639284152652841586099941505640202133884e+105 
4 2.1536077412976557259923903343140638710906387132126837968826293945312500000000000000000000000000000000e-07 
2 3.6840531402364101271786356736000000000000000000000000000000000000000000000000000000000000000000000000e+28 
2 1.5803302649585458636283874511718750000000000000000000000000000000000000000000000000000000000000000000e+08 
4 4.8872194836577787500000000000000000000000000000000000000000000000000000000000000000000000000000000000e+14 
2 2.2090467048075882416924287099391222000122070312500000000000000000000000000000000000000000000000000000e+02 
1 5.8446204867452375831428219388889236036911104000000000000000000000000000000000000000000000000000000000e+43 
18 5.6090181469884117126464843750000000000000000000000000000000000000000000000000000000000000000000000000e+10 
1 4.2186132210349710658192634582519531250000000000000000000000000000000000000000000000000000000000000000e+06 
1 3.1737848699226047589722322088563940947646709527914220020175261747108390328413266789905287359671581804e-35 
852 4.7873800156199848743199254386126995086669921875000000000000000000000000000000000000000000000000000000e+02 
11 9.2218300626254667839987178012961521744728088378906250000000000000000000000000000000000000000000000000e-01 
0 3.0692059326821344925662569237406199837412556800000000000000000000000000000000000000000000000000000000e+44 
0 1.9985258504798284207026881631463766098022460937500000000000000000000000000000000000000000000000000000e+02 
2 8.3321274108734910690543529199203476309776306152343750000000000000000000000000000000000000000000000000e-02 
33 2.1349856397276170127952354960143566131591796875000000000000000000000000000000000000000000000000000000e+00 
1 1.4025572538458626019083259343031503330647091891624673297662697159619485862380734672652053559721759072e+299 
48 1.6014614686924456618726253509521484375000000000000000000000000000000000000000000000000000000000000000e+06 
23 2.0644455565539031406644499176110277380985502659882513398770242929458618164062500000000000000000000000e-11 
1 4.0874955775092855237890697382148567768028018555121854288982992366610914746955873548120718836378210789e-79 
9 5.8838265379020977020263671875000000000000000000000000000000000000000000000000000000000000000000000000e+08 
2 1.2231717862925731155065989241848001256585121154785156250000000000000000000000000000000000000000000000e-01 
20 1.8271277552023544389693436030116427529662636100593609000952710630372166633605957031250000000000000000e-14 
1 1.0320514046760111083984375000000000000000000000000000000000000000000000000000000000000000000000000000e+12 
1 3.7956617396568859135186357889324426651000976562500000000000000000000000000000000000000000000000000000e-02 
1561 8.5275154041636642432422377169132232666015625000000000000000000000000000000000000000000000000000000000e+02 
1 2.7191570385352542389591694803024463023777275790866842795434491173600451460014645262840470180038084272e-280 
1 1.3874558432840522073092870414257049560546875000000000000000000000000000000000000000000000000000000000e+03 
22 4.1369776405712706300946135407059500721516087651252746582031250000000000000000000000000000000000000000e-04 
3 1.6102468443142381153686487457821543572089100619897118047913035568818156673184186013684802780345139200e+100 
0 1.2537441847960403474616062655164517227263037841054083687032693575806649554391785648774423987429353515e+272 
25 3.8410514751891128663210192375229538874759072086817468516528606414794921875000000000000000000000000000e-10 
24 1.3712458442552008200436830520629882812500000000000000000000000000000000000000000000000000000000000000e+06 
16 1.5803338188105332851409912109375000000000000000000000000000000000000000000000000000000000000000000000e+09 
4 2.2890016851314001619206392208055733661353770003188401460647583007812500000000000000000000000000000000e-07 
1 1.6807722892367213142458198843298618645586600969139742843293578725206919580847138221840947124075990331e-43 
2 1.5574422869546886431635357439517974853515625000000000000000000000000000000000000000000000000000000000e+04 
4 5.8114245251465366231914360894128128000000000000000000000000000000000000000000000000000000000000000000e+34 
1 1.3855388894956943390634539843477707199426163242605980485677719116210937500000000000000000000000000000e-08 
5 6.2682325986891521552024642005562782287597656250000000000000000000000000000000000000000000000000000000e+02 
1 3.2488695313053407802108648630922797397988062644458484392427376935628785955527659227277208091483989624e+213 
0 6.5340986834942776675183698133248403743563100677335144872987008823899056008898174594314400622199981163e-50 
22 2.6043285792350778356194496154785156250000000000000000000000000000000000000000000000000000000000000000e+06 
12 2.0726105495900470018386840820312500000000000000000000000000000000000000000000000000000000000000000000e+08 
0 1.4679470075093235123900259216407753016891473100270237794951810104123383658467507404585391738241514229e-308 
1 3.1167786361903946356267576086855832575506451069739195596950516488627373267167735664259478907458235069e-152 
10 3.3397790294274878886149338086397619917988777160644531250000000000000000000000000000000000000000000000e-02 
1 3.8013117393147194889024831354618072509765625000000000000000000000000000000000000000000000000000000000e+03 
208 5.7405188132596879313496174290776252746582031250000000000000000000000000000000000000000000000000000000e+02 
0 7.3268281566512571536503307285501225856322468024078475645010580779412932072294584290794030480652084989e-173 
12 2.2457456336911385086105248437213233181353189138462767004966735839843750000000000000000000000000000000e-08 
2 1.2499992553259310719260007882685007372935981351247392012737691402435302734375000000000000000000000000e-11 
1 1.2500694230955105249127671906449649882565406521676257761575234465734790036854740490913336285034434354e-51 
13 6.9525190985928104942748138929419811360421732615577639080584049224853515625000000000000000000000000000e-10 
2 5.6831975732883932068943977355957031250000000000000000000000000000000000000000000000000000000000000000e+06 
1 6.2599777262466796875000000000000000000000000000000000000000000000000000000000000000000000000000000000e+10 
0 5.4100450751010303497314453125000000000000000000000000000000000000000000000000000000000000000000000000e+09 
26 3.6628469315541887283325195312500000000000000000000000000000000000000000000000000000000000000000000000e+09 
1 2.2239213970149217026747208300554229421529277196974603037754576288828025285719561358173798400000000000e+89 
28 5.8145069230675516128540039062500000000000000000000000000000000000000000000000000000000000000000000000e+09 
10 2.6598357259313506604136902872204117898036201950162649154663085937500000000000000000000000000000000000e-06 
0 5.8348215367117001528455153034119083136623775066699614836656932257415067720948683079274398396043025627e-165 
1 1.5590127625106013824175869549384931822544331225799396634101867675781250000000000000000000000000000000e-09 
1 1.4085427707617100988558747240609351574274677583253092800644412500369256955434164917869799236090841977e-308 
0 9.4276835689057978739822525843065903483619649705360643565654754638671875000000000000000000000000000000e-09 
35 1.8586815176926627428898811805746404957062622997909784317016601562500000000000000000000000000000000000e-06 
62 2.0577609987323698987893294543027877807617187500000000000000000000000000000000000000000000000000000000e+03 
0 2.0388900421357186679040433723470198274523914602412714611699706690473021808429621160030364990234375000e-20 
0 3.2990185183674803017135363641942902290793426800519227981567382812500000000000000000000000000000000000e-06 
0 4.5928826339924110906704902915739695428033237551342459147232975950746255494394275251688365080967037075e-284 
1 4.7909124712282285113722787939827633394265401881703807276742152008028401079436240083917227319405037151e-122 
1 6.3904029880131012760102748870849609375000000000000000000000000000000000000000000000000000000000000000e+05 
1 1.2531853470315375974471563489624660617053731834442862472260527718504933872248426449406213863324065361e-269 
10 7.1722171172049888302028140666700972705172034693532623350620269775390625000000000000000000000000000000e-09 
4 2.3387119651890698858191634889384986533451477811200000000000000000000000000000000000000000000000000000e+47 
1 3.3815034002624391564611509264860738295930862012031515349727728612408741761540579649355608880596322439e-295 
15 4.4450246439431967715668244342552047759786759684175194706767797470092773437500000000000000000000000000e-10 
8 6.9928439660382224246859550476074218750000000000000000000000000000000000000000000000000000000000000000e+04 
0 6.4829753213990537070066443134808836790128339089278597384691238403320312500000000000000000000000000000e-09 
80 1.0087440369045179433538095281619462184607982635498046875000000000000000000000000000000000000000000000e-02 
1 5.9208151639081005859375000000000000000000000000000000000000000000000000000000000000000000000000000000e+11 
0 8.3871359101953945214963370702321299177128821611404418945312500000000000000000000000000000000000000000e-04 
0 5.0960194880452474625956847228600531118924976681228145025670528411865234375000000000000000000000000000e-10 
1 3.5698112988987779811605750635508885904497285618848383132440429875999620709552722754250255316067551794e-310 
4 2.5352289397106849833107844460755586624145507812500000000000000000000000000000000000000000000000000000e+02 
1 2.3931504163950611466798612256789130795693704180625285518339912780134935126947919090402311726028783905e-253 
16 5.9956319575224367187500000000000000000000000000000000000000000000000000000000000000000000000000000000e+13 
1 1.2419016964201507846610184060409665107727050781250000000000000000000000000000000000000000000000000000e+02 
2 2.3743498088433519582557939950415169243507865868446357510548459390828436652147941631480139004274111658e-37 
2 6.5995899681314658277758194016997020672400030198519164746881980465150570450283315869200870086107998678e-83 
31 2.1478157697677737955621601884104165947064757347106933593750000000000000000000000000000000000000000000e-03 
4 9.1878092070077775252966156838141387197538278996944427490234375000000000000000000000000000000000000000e-05 
1 1.4053842183250545364026073968943819636479020118713378906250000000000000000000000000000000000000000000e-02 
1 1.3283655800576228460471624382153199517697101820803528392199459074376917559155937982070778587490864733e+149 
15 1.0119447751913774879994889488443732261657714843750000000000000000000000000000000000000000000000000000e+02 
4 1.6269270348158140625000000000000000000000000000000000000000000000000000000000000000000000000000000000e+14 
1 1.4286800284297124230548092782555613666772842407226562500000000000000000000000000000000000000000000000e-01 
0 3.9210621681236928701400756835937500000000000000000000000000000000000000000000000000000000000000000000e+08 
59 1.0351115054046885052230209112167358398437500000000000000000000000000000000000000000000000000000000000e+05 
0 3.2898797940816676616668701171875000000000000000000000000000000000000000000000000000000000000000000000e+08 
0 1.1605921830372060775756835937500000000000000000000000000000000000000000000000000000000000000000000000e+10 
1 2.7594104272635551690648101472444384582777854432135321933115538490366432885172192040281401073991878825e-301 
1 9.0226715077033681463908255202497481067381693235190772856697227159281086916156249828662842444279089161e-205 
2 8.5000333765681448985456489589318529453976225340738892555236816406250000000000000000000000000000000000e-07 
4 9.4233257838511073913679311577906201815501294216875535343454568373230145091525439564028204439085898771e-43 
5 2.4526416989980663361748233052637906130876203608081263983850409463038921842326089972630143165588378906e-22 
7 5.0744929611558575288654537871479988098144531250000000000000000000000000000000000000000000000000000000e+02 
2 1.1736876674685559387335279395361697785919809071278641973161956324695279207936948751012096181511878967e-24 
1 2.9341877732584885091307476983193825836619826230022851765836559413849320105467733955955992976818031139e-195 
1 4.9111120901116408237804722536773827109482773005051221589640131750105018562400647837836792656730414958e-117 
11 1.9848295570626378321321681141853332519531250000000000000000000000000000000000000000000000000000000000e+03 
7 1.2195816664289686615386780477177097736785071901977062225341796875000000000000000000000000000000000000e-05 
88 4.8723913220739865082009600882884114980697631835937500000000000000000000000000000000000000000000000000e+00 
1 2.3273868082258628845214843750000000000000000000000000000000000000000000000000000000000000000000000000e+10 
1 1.3254208199202620435752550400000000000000000000000000000000000000000000000000000000000000000000000000e+27 
6 1.9768005248807079409674142646876487949825218493060674518346786499023437500000000000000000000000000000e-09 
0 8.4175395190694002334197421077988110482692718505859375000000000000000000000000000000000000000000000000e-03 
3 2.4903793234882527080076286551957309711724519729614257812500000000000000000000000000000000000000000000e-02 
0 3.2864324658366057023613197184836775886822299122892189104828552294877556263362316987924277029158486392e-70 
6 1.2123737451135889811593138176704087527468800544738769531250000000000000000000000000000000000000000000e-03 
30 1.8456437050552631242630733428983225152819613867904990911483764648437500000000000000000000000000000000e-07 
1 1.1235170338748586177825927734375000000000000000000000000000000000000000000000000000000000000000000000e+09 
14 1.9212057705163310000000000000000000000000000000000000000000000000000000000000000000000000000000000000e+15 
5 8.5844099384300910974283840482374798031006690735011943615972995758056640625000000000000000000000000000e-10 
9463 3.5376041379991738722310401499271392822265625000000000000000000000000000000000000000000000000000000000e+03 
2 3.2587928846767874896326250154961462843079247391141626244183067672267441869444582214526579393398050168e-143 
12 1.6856461257570192271981746046094485791400074958801269531250000000000000000000000000000000000000000000e-04 
1 8.3586419051029784604907035827636718750000000000000000000000000000000000000000000000000000000000000000e+06 
58 2.7972311978593715764418448088690638542175292968750000000000000000000000000000000000000000000000000000e+00 
6 3.8820368225186604261398315429687500000000000000000000000000000000000000000000000000000000000000000000e+08 
4 6.9265038075126399412554478297731133603840000000000000000000000000000000000000000000000000000000000000e+40 
1 5.3302656420045210265696266754659772494628954897633074292451466662836410148853303243034883449869728700e-135 
2 4.5591089829807853698730468750000000000000000000000000000000000000000000000000000000000000000000000000e+08 
14 5.4557027020021915675318524563408573158085346221923828125000000000000000000000000000000000000000000000e-02 
3 1.8242299861562816792069246148914430235393159772349745601241407245469787060997235874233834407948889607e-60 
10 3.9794910805265800030244531938598828713082866670447401702404022216796875000000000000000000000000000000e-09 
17 3.3326452324287480115890502929687500000000000000000000000000000000000000000000000000000000000000000000e+08 
0 3.6239369734047681951683340137275457504273390441085211932659149169921875000000000000000000000000000000e-09 
1 2.3570589162218334197998046875000000000000000000000000000000000000000000000000000000000000000000000000e+10 
15 1.5126580735967745661163519343972438946366310119628906250000000000000000000000000000000000000000000000e-03 
5 4.1228565594165495342830072488899712277820743116398788608000000000000000000000000000000000000000000000e+55 
20 2.5090833933050025666661476671064068266758795289206318557262420654296875000000000000000000000000000000e-08 
4 7.0664335057172421976909911650599482868528866674751043319702148437500000000000000000000000000000000000e-08 
0 1.0085499794520296504926288461288689428013621654256684635636020787300727983015604137771906358669405020e-48 
2 4.7241985951665102058131690456975190657647498066756712351489055947297724664623302568959555415139400791e-36 
1 9.2623835527975961829091901930856411428329967031386751279853358275882257397841920000000000000000000000e+78 
2 2.0115373882337628913193067637828371816434295556779034073231807280733452947366924693604463856674352393e+134 
13 7.7481027331483209863449701515492051839828491210937500000000000000000000000000000000000000000000000000e-01 
19 1.3738836125459712861340833001122518908232450485229492187500000000000000000000000000000000000000000000e-02 
4 6.1108639863450409102085814083693549036979675292968750000000000000000000000000000000000000000000000000e-01 
12 1.6414223972186794994452706019751420806583602643793917685854921728605404496192932128906250000000000000e-15 
10 5.5932493230683736503124237060546875000000000000000000000000000000000000000000000000000000000000000000e+07 
0 3.5813446867912450541013291704928178660338744521141052246093750000000000000000000000000000000000000000e-04 
1 1.7676099061887660250475472270341854654742342945495011138312220316964971987583135493517025584842944958e+297 
0 6.4193075678852909326954550448291084861799653315576690952777139030492484565351488246178875497783863869e+115 
20 8.5208724642552099609375000000000000000000000000000000000000000000000000000000000000000000000000000000e+12 
23 2.9893475608777508735656738281250000000000000000000000000000000000000000000000000000000000000000000000e+09 
7 4.0508687970074236392974853515625000000000000000000000000000000000000000000000000000000000000000000000e+08 
1 1.3482313131979902224711671199207520365840993906494937881745954655343666672706604003906250000000000000e-15 
16 7.7712787763984324772292833216624785563908517360687255859375000000000000000000000000000000000000000000e-04 
7 2.0209095005708598047242349194307250966847952826281786038387194664068806694191645437918296069342142157e-40 
2 1.6501212446443989499397910056458283619509776121321946490340149386027952851351908448505407818675650567e-43 
1 1.8609350335693760014177911206681692909423180857742164798160138974690465305300921523567513535860691903e+304 
12 4.4066481309106488000000000000000000000000000000000000000000000000000000000000000000000000000000000000e+16 
4 6.6976570206134794279932975769042968750000000000000000000000000000000000000000000000000000000000000000e+06 
6 3.2804835323737244409534252395643783017931127687916159629821777343750000000000000000000000000000000000e-07 
0 8.4841460988725329403843060737762756511032384833518473119122828672322733333133361475967459893053973345e+152 
1 1.7367403266491608284885155840000000000000000000000000000000000000000000000000000000000000000000000000e+27 
1 1.6253097727049550414085388183593750000000000000000000000000000000000000000000000000000000000000000000e+08 
11 6.4547319067784229821194315335208813166900654323399066925048828125000000000000000000000000000000000000e-07 
2 3.7098132376987886793529014539672061800956726074218750000000000000000000000000000000000000000000000000e+00 
35 2.3554455407383874110394117451505735516548156738281250000000000000000000000000000000000000000000000000e+00 
2 9.7014503902483097672916623199768082486116327345371246337890625000000000000000000000000000000000000000e-05 
7 4.3141176568583813476562500000000000000000000000000000000000000000000000000000000000000000000000000000e+11 
0 9.5804750641668301661675838356557092117578182077738303082201088000000000000000000000000000000000000000e+61 
8 2.8989332743103411885146212157502945812260954777661581260872480925172567367553710937500000000000000000e-14 
0 2.0981372743906212803203765719419799649370790664348911591210138078773255571241944419881133277947217606e+297 
1 6.8801065738047796431589840490001594606780600087163726386160694563121005362495661452256009505657037996e-277 
10 9.1700417087131256914221298301437279576475702924653887748718261718750000000000000000000000000000000000e-07 
3 3.1324865205382392408837793039422248142500393441878259181976318359375000000000000000000000000000000000e-08 
2 1.0894729820732845942829686639030661865490401396527886390686035156250000000000000000000000000000000000e-06 
1 1.9927651474863591337307650073006715658784154754287352578236331806894461725849791370203160903680000000e+93 
3 1.0174389207648627460002899169921875000000000000000000000000000000000000000000000000000000000000000000e+08 
0 3.1212022737286777999052996410634216794368867355315968587594298388134715168398697706574871318957789760e+225 
1 1.8957217027271620158690793034317323417781153693795204162597656250000000000000000000000000000000000000e-05 
46 6.8332806635363100514896084192173475457821041345596313476562500000000000000000000000000000000000000000e-06 
0 1.1128287308950704963474289737023734467816195237920077112137575133028427687103261310983765247546145925e-166 
2 2.1212402306251406669616699218750000000000000000000000000000000000000000000000000000000000000000000000e+08 
7 9.4260756679580718994140625000000000000000000000000000000000000000000000000000000000000000000000000000e+10 
2 1.0371286137567506102641345933079719543457031250000000000000000000000000000000000000000000000000000000e+03 
1 5.4838920462163997060707718694421477683984492014755857711496958182973110329454619281868329432964634943e+181 
1 1.6772933742049129094295316454107196898565303165679324829311891289292326858375944140632563719778268562e-98 
60 4.1723187120554462126165162771940231323242187500000000000000000000000000000000000000000000000000000000e+02 
1 9.7980820504108019545075079429868747563637923394950325751183014252102150308198484191093939293153887720e-143 
3 2.8889513195333780972876185529915542392012800000000000000000000000000000000000000000000000000000000000e+41 
1 5.6128065279230104351881891489028930664062500000000000000000000000000000000000000000000000000000000000e+04 
1 1.5019082753074736732625720683377465163271403047519653519089800955715772282407344370353627615930212486e-308 
1 3.0837297272119183843104791417671714246258497340202706785665881912544676884365842928616118751519975796e-117 
17 2.7450631716920306617246705371826465125195682048797607421875000000000000000000000000000000000000000000e-03 
1 5.3049168615772578908614513391525657759473233454627916216850280761718750000000000000000000000000000000e-08 
23 2.5292238627833012506330903507697821421679185149855584313627332448959350585937500000000000000000000000e-11 
5 2.8270946898270907402038574218750000000000000000000000000000000000000000000000000000000000000000000000e+09 
3 1.3204608603921581105494494992560817515653975862122138096310663968324661254882812500000000000000000000e-12 
2 5.3401620398038154723619383341664898146876424569508827129886568203956807161898280109396114501061784726e-75 
1 9.2890735624505518797100478423089953139424324035644531250000000000000000000000000000000000000000000000e-02 
2 2.5797230930525819963388022951044273280321400250290416356502981587439649047155398875474929809570312500e-20 
17 2.7621967472002550986068594718325641679257387295365333557128906250000000000000000000000000000000000000e-05 
40 9.0882473311710437486460323341930234164465218782424926757812500000000000000000000000000000000000000000e-05 
0 1.9384011750059918587564083064991370778349609844211221601544142215687990355372747544066149842944000000e+95 
0 2.7126002858812727694096065096629426262020784301059369013731781855555357809712240692763248700636462079e-150 
0 9.3619481138506184220429544583830400377283187189685943145395003450335426026266221194738121578155193922e-76 
7 1.9384215240617487085311720917957245546858757734298706054687500000000000000000000000000000000000000000e-05 
36 7.1993369961412259726785123348236083984375000000000000000000000000000000000000000000000000000000000000e+04 
47 1.2303053538699619369402478430419733967937645502388477325439453125000000000000000000000000000000000000e-05 
26 2.1792238845737299003657572171732681454159319400787353515625000000000000000000000000000000000000000000e-04 
0 7.9576987321552106920769069657592677694199694854454952519425157868469973123975560180535843382294628218e-91 
3 9.9445284071987166738212164190102171221547781949165613911422717547804617926887615908526640851050615311e-26 
2 1.8496555499650371202368358274181514146593731011379213185908635945088376716510452611894196784269517837e-89 
5 9.9077029994491548883154934113104417292561265639960765838623046875000000000000000000000000000000000000e-07 
74 1.1774772121382111322862584756876458413898944854736328125000000000000000000000000000000000000000000000e-01 
1 5.8345894964193079888735967331883444811001344804738442646182371601867040825683296540217177077620216951e-73 
10 1.8693664728686496800946770235896110534667968750000000000000000000000000000000000000000000000000000000e+03 
1 6.9485765955860685494371864479035139083862304687500000000000000000000000000000000000000000000000000000e+00 
34 2.5770000645354899476398638502594451438199030235409736633300781250000000000000000000000000000000000000e-05 
0 2.0881932513422976803624574455787012041478734901145791170909055534291418409461456058724770231220533910e-160 
3 1.2454362867629758300781250000000000000000000000000000000000000000000000000000000000000000000000000000e+12 
0 1.0160114942709194352232771052513271570205688476562500000000000000000000000000000000000000000000000000e+01 
1 2.8483152522474291263425726544776875326370202401449205353856086730957031250000000000000000000000000000e-10 
60 7.4913077306731263860228864359669387340545654296875000000000000000000000000000000000000000000000000000e+00 
1 1.0983896029531287297231756383553147315979003906250000000000000000000000000000000000000000000000000000e+02 
1 1.2133976989212380349636077880859375000000000000000000000000000000000000000000000000000000000000000000e+08 
67 1.1766177997565077930630650371313095092773437500000000000000000000000000000000000000000000000000000000e+03 
8 1.9307710667060281966266044317848127320758067071437835693359375000000000000000000000000000000000000000e-04 
17 7.2008472799532059580087661743164062500000000000000000000000000000000000000000000000000000000000000000e+06 
6 1.9803496239429296110756695270538330078125000000000000000000000000000000000000000000000000000000000000e+04 
1 1.4580869232985035796784129947445224978225369243704566565061483511152797687311751617811696145395794289e+308 
12 5.2684101148783159255981445312500000000000000000000000000000000000000000000000000000000000000000000000e+09 
1 9.3429466764741016504558501765131950378417968750000000000000000000000000000000000000000000000000000000e+02 
1 1.9308121239344011543139357882370443775243984418921172618865966796875000000000000000000000000000000000e-07 
1 6.7864307958524340530646250333607349958242593856994062662124633789062500000000000000000000000000000000e-09 
1 6.0303232733379285774062649844247467577979855766768371554689266137785527704361833479313580065777830656e-123 
1 1.0688839461533294618129730224609375000000000000000000000000000000000000000000000000000000000000000000e+08 
2 4.8681786224867047486537191576716347111473602159681012502085025316114940370517068674498560000000000000e+87 
0 2.8573971616120030963653921869765685620780047870554041184342828530498541994080296382655426903619255756e+231 
0 1.5343249531462325308651759132033429185772758504901386657382824415529413452466339101996531600778241610e-49 
1 2.4047854480459028631706148342846912641764893270060640284584994893984855017336918979549849759212653678e-220 
178 6.1973950945183471361588090076111257076263427734375000000000000000000000000000000000000000000000000000e+00 
1 1.0172721105215335598755542576105358708316028781837303540669381618499755859375000000000000000000000000e-10 
19 1.5106422288576615892677131568988933696051570228224836256458729621954262256622314453125000000000000000e-15 
1 1.1517514954783334353557130403262812143994817914154671494631008096186239185546126779428377072595796664e-158 
0 2.1019650786171628107715440131851580840560700380592606961727142333984375000000000000000000000000000000e-09 
11 2.9200953537033675224947446689727778915135480986009497428312897682189941406250000000000000000000000000e-11 
1 4.6056379463438481784142353814409970216019594610304095807149180610557816388332077913675609824217559976e+262 
0 2.6642399979148707763678282581696128595231680168613518722946579669225711201034074917100925458711789294e+129 
1 1.2901168755270639110221964074298739433288574218750000000000000000000000000000000000000000000000000000e+01 
0 4.3204322129009920172393321990966796875000000000000000000000000000000000000000000000000000000000000000e+05 
2 1.0476538779902056137797085355555528707395567454145409258385973174950784102530503638466257559924699194e-33 
0 2.5930326473237440950470045208930969238281250000000000000000000000000000000000000000000000000000000000e+04 
28 1.7831447157750747203826904296875000000000000000000000000000000000000000000000000000000000000000000000e+09 
0 2.3202237107416104442684753531905117862611102869054040657602661608571520395246606000076613293881223215e-141 
8 1.6923879086785241498969156737075536511838436126708984375000000000000000000000000000000000000000000000e-02 
3 3.4994167723474207043130035366118590900441631674766540527343750000000000000000000000000000000000000000e-04 
1 1.4567500488234167490623192399434859822804355644620954990386962890625000000000000000000000000000000000e-07 
5 8.3214784939659088850021362304687500000000000000000000000000000000000000000000000000000000000000000000e+07 
0 3.7524229081575504267196258822320988191231557033649454299731985946392421353979385783231301434532045593e-126 
6 4.0302294964190893173217773437500000000000000000000000000000000000000000000000000000000000000000000000e+09 
1 2.9608747629962608408032587009395011905293369256694694228666843007964416762692334410393076697012171893e-125 
